8	1	01	-58
8	1	02	-40
8	1	43	-69
8	1	43	-69
8	1	01	-56
8	1	02	-44
8	1	43	-69
8	1	43	-69
8	1	01	-56
8	1	02	-44
8	1	43	-69
8	1	43	-69
8	1	01	-57
8	1	02	-48
8	1	43	-67
8	1	43	-67
8	1	01	-57
8	1	02	-48
8	1	43	-67
8	1	43	-67
8	1	01	-54
8	1	02	-44
8	1	43	-72
8	1	43	-67
8	1	01	-54
8	1	02	-44
8	1	43	-72
8	1	43	-67
8	1	01	-56
8	1	02	-46
8	1	43	-65
8	1	43	-67
8	1	01	-56
8	1	02	-46
8	1	43	-65
8	1	43	-67
8	1	01	-52
8	1	02	-42
8	1	43	-63
8	1	43	-63
7	9	01	-46
7	9	02	-38
7	9	43	-58
7	9	43	-60
7	9	01	-46
7	9	02	-38
7	9	43	-58
7	9	43	-60
7	9	01	-49
7	9	02	-44
7	9	43	-57
7	9	43	-53
7	9	01	-49
7	9	02	-44
7	9	43	-57
7	9	43	-53
7	9	01	-52
7	9	02	-45
7	9	43	-54
7	9	43	-56
7	9	01	-52
7	9	02	-45
7	9	43	-54
7	9	43	-56
7	9	01	-48
7	9	02	-43
7	9	43	-66
7	9	43	-54
7	9	01	-48
7	9	02	-43
7	9	43	-66
7	9	43	-54
7	9	01	-52
7	9	02	-47
7	9	43	-62
7	9	43	-56
7	9	01	-52
7	9	02	-47
7	9	43	-62
7	9	43	-56
3	4	01	-46
3	4	02	-49
3	4	43	-59
3	4	43	-60
3	4	01	-46
3	4	02	-49
3	4	43	-59
3	4	43	-60
3	4	01	-47
3	4	02	-47
3	4	43	-64
3	4	43	-64
3	4	01	-47
3	4	02	-47
3	4	43	-64
3	4	43	-64
3	4	01	-51
3	4	02	-50
3	4	43	-66
3	4	43	-62
3	4	01	-51
3	4	02	-50
3	4	43	-66
3	4	43	-62
3	4	01	-50
3	4	02	-49
3	4	43	-66
3	4	43	-66
3	4	01	-50
3	4	02	-49
3	4	43	-66
3	4	43	-66
3	4	01	-50
3	4	02	-51
3	4	43	-61
3	4	43	-66
3	4	01	-50
3	4	02	-51
3	4	43	-61
3	4	43	-66
13	4	01	-57
13	4	02	-46
13	4	43	-61
13	4	43	-63
13	4	01	-57
13	4	02	-46
13	4	43	-61
13	4	43	-63
13	4	01	-52
13	4	02	-39
13	4	43	-62
13	4	43	-72
13	4	01	-52
13	4	02	-39
13	4	43	-62
13	4	43	-72
13	4	01	-51
13	4	02	-42
13	4	43	-60
13	4	43	-60
13	4	01	-51
13	4	02	-42
13	4	43	-60
13	4	43	-60
13	4	01	-60
13	4	02	-38
13	4	43	-60
13	4	43	-60
13	4	01	-60
13	4	02	-38
13	4	43	-60
13	4	43	-60
13	4	01	-54
13	4	02	-38
13	4	43	-64
13	4	43	-64
13	4	01	-54
13	4	02	-38
13	4	43	-64
13	4	43	-64
5	7	01	-49
5	7	02	-41
5	7	43	-65
5	7	43	-62
5	7	01	-49
5	7	02	-41
5	7	43	-65
5	7	43	-62
5	7	01	-50
5	7	02	-47
5	7	43	-64
5	7	43	-63
5	7	01	-50
5	7	02	-47
5	7	43	-64
5	7	43	-63
5	7	01	-52
5	7	02	-45
5	7	43	-60
5	7	43	-63
5	7	01	-52
5	7	02	-45
5	7	43	-60
5	7	43	-63
5	7	01	-52
5	7	02	-54
5	7	43	-58
5	7	43	-63
5	7	01	-52
5	7	02	-54
5	7	43	-58
5	7	43	-63
5	7	01	-51
5	7	02	-45
5	7	43	-62
5	7	43	-58
5	7	01	-51
5	7	02	-45
5	7	43	-62
5	7	43	-58
6	9	01	-48
6	9	02	-42
6	9	43	-62
6	9	43	-58
6	9	01	-44
6	9	02	-42
6	9	43	-58
6	9	43	-58
6	9	01	-44
6	9	02	-42
6	9	43	-58
6	9	43	-58
6	9	01	-45
6	9	02	-39
6	9	43	-56
6	9	43	-60
6	9	01	-45
6	9	02	-39
6	9	43	-56
6	9	43	-60
6	9	01	-45
6	9	02	-39
6	9	43	-61
6	9	43	-56
6	9	01	-45
6	9	02	-39
6	9	43	-61
6	9	43	-56
6	9	01	-46
6	9	02	-36
6	9	43	-62
6	9	43	-62
6	9	01	-46
6	9	02	-36
6	9	43	-62
6	9	43	-62
6	9	01	-48
6	9	02	-35
6	9	43	-57
6	9	43	-55
13	3	01	-49
13	3	02	-42
13	3	43	-69
13	3	43	-65
13	3	01	-49
13	3	02	-42
13	3	43	-69
13	3	43	-65
13	3	01	-54
13	3	02	-44
13	3	43	-67
13	3	43	-68
13	3	01	-54
13	3	02	-44
13	3	43	-67
13	3	43	-68
13	3	01	-54
13	3	02	-44
13	3	43	-59
13	3	43	-60
13	3	01	-54
13	3	02	-44
13	3	43	-59
13	3	43	-60
13	3	01	-54
13	3	02	-44
13	3	43	-67
13	3	43	-65
13	3	01	-54
13	3	02	-44
13	3	43	-67
13	3	43	-65
13	3	01	-53
13	3	02	-44
13	3	43	-61
13	3	43	-65
13	3	01	-53
13	3	02	-44
13	3	43	-61
13	3	43	-65
3	7	01	-51
3	7	02	-44
3	7	43	-60
3	7	43	-62
3	7	01	-51
3	7	02	-44
3	7	43	-60
3	7	43	-62
3	7	01	-56
3	7	02	-52
3	7	43	-61
3	7	43	-59
3	7	01	-56
3	7	02	-52
3	7	43	-61
3	7	43	-59
3	7	01	-56
3	7	02	-49
3	7	43	-59
3	7	43	-59
3	7	01	-56
3	7	02	-49
3	7	43	-59
3	7	43	-59
3	7	01	-56
3	7	02	-52
3	7	43	-54
3	7	43	-56
3	7	01	-56
3	7	02	-52
3	7	43	-54
3	7	43	-56
3	7	01	-52
3	7	02	-51
3	7	43	-54
3	7	43	-54
3	7	01	-52
3	7	02	-51
3	7	43	-54
3	7	43	-54
14	7	01	-56
14	7	02	-44
14	7	43	-65
14	7	43	-62
14	7	01	-56
14	7	02	-44
14	7	43	-65
14	7	43	-62
14	7	01	-60
14	7	02	-50
14	7	43	-64
14	7	43	-70
14	7	01	-60
14	7	02	-50
14	7	43	-64
14	7	43	-70
14	7	01	-62
14	7	02	-48
14	7	43	-64
14	7	43	-69
14	7	01	-62
14	7	02	-48
14	7	43	-64
14	7	43	-69
14	7	01	-62
14	7	02	-48
14	7	43	-70
14	7	43	-70
14	7	01	-62
14	7	02	-48
14	7	43	-70
14	7	43	-70
14	7	01	-59
14	7	02	-50
14	7	43	-64
14	7	43	-69
14	7	01	-59
14	7	02	-50
14	7	43	-64
14	7	43	-69
10	1	01	-54
10	1	02	-46
10	1	43	-68
10	1	43	-70
10	1	01	-54
10	1	02	-46
10	1	43	-68
10	1	43	-70
10	1	01	-57
10	1	02	-43
10	1	43	-64
10	1	43	-64
10	1	01	-57
10	1	02	-43
10	1	43	-64
10	1	43	-64
10	1	01	-56
10	1	02	-46
10	1	43	-66
10	1	43	-65
10	1	01	-56
10	1	02	-46
10	1	43	-66
10	1	43	-65
10	1	01	-52
10	1	02	-48
10	1	43	-69
10	1	43	-70
10	1	01	-52
10	1	02	-48
10	1	43	-69
10	1	43	-70
10	1	01	-52
10	1	02	-47
10	1	43	-65
10	1	43	-67
10	1	01	-52
10	1	02	-47
10	1	43	-65
10	1	43	-67
8	9	01	-46
8	9	02	-48
8	9	43	-66
8	9	43	-62
8	9	01	-46
8	9	02	-48
8	9	43	-66
8	9	43	-62
8	9	01	-50
8	9	02	-40
8	9	43	-58
8	9	43	-58
8	9	01	-50
8	9	02	-40
8	9	43	-58
8	9	43	-58
8	9	01	-61
8	9	02	-41
8	9	43	-60
8	9	43	-60
8	9	01	-61
8	9	02	-41
8	9	43	-60
8	9	43	-60
8	9	01	-59
8	9	02	-40
8	9	43	-59
8	9	43	-60
8	9	01	-59
8	9	02	-40
8	9	43	-59
8	9	43	-60
8	9	01	-60
8	9	02	-42
8	9	43	-59
8	9	43	-58
8	9	01	-60
8	9	02	-42
8	9	43	-59
8	9	43	-58
12	7	01	-56
12	7	02	-43
12	7	43	-62
12	7	43	-58
12	7	01	-56
12	7	02	-43
12	7	43	-62
12	7	43	-58
12	7	01	-56
12	7	02	-43
12	7	43	-62
12	7	43	-58
12	7	01	-54
12	7	02	-46
12	7	43	-60
12	7	43	-62
12	7	01	-54
12	7	02	-46
12	7	43	-60
12	7	43	-60
12	7	01	-54
12	7	02	-46
12	7	43	-60
12	7	43	-60
12	7	01	-54
12	7	02	-44
12	7	43	-59
12	7	43	-63
12	7	01	-55
12	7	02	-47
12	7	43	-62
12	7	43	-59
12	7	01	-55
12	7	02	-47
12	7	43	-62
12	7	43	-59
12	7	01	-54
12	7	02	-45
12	7	43	-62
12	7	43	-59
14	1	01	-65
14	1	02	-43
14	1	43	-63
14	1	43	-64
14	1	01	-65
14	1	02	-43
14	1	43	-63
14	1	43	-64
14	1	01	-56
14	1	02	-41
14	1	43	-60
14	1	43	-60
14	1	01	-56
14	1	02	-41
14	1	43	-60
14	1	43	-60
14	1	01	-59
14	1	02	-42
14	1	43	-63
14	1	43	-60
14	1	01	-59
14	1	02	-42
14	1	43	-63
14	1	43	-60
14	1	01	-56
14	1	02	-47
14	1	43	-60
14	1	43	-60
14	1	01	-56
14	1	02	-47
14	1	43	-60
14	1	43	-60
14	1	01	-59
14	1	02	-44
14	1	43	-62
14	1	43	-61
14	1	01	-59
14	1	02	-44
14	1	43	-62
14	1	43	-61
1	3	01	-46
1	3	02	-50
1	3	43	-65
1	3	43	-67
1	3	01	-46
1	3	02	-50
1	3	43	-65
1	3	43	-67
1	3	01	-45
1	3	02	-45
1	3	43	-60
1	3	43	-62
1	3	01	-45
1	3	02	-45
1	3	43	-60
1	3	43	-62
1	3	01	-46
1	3	02	-42
1	3	43	-62
1	3	43	-62
1	3	01	-46
1	3	02	-42
1	3	43	-62
1	3	43	-62
1	3	01	-42
1	3	02	-44
1	3	43	-62
1	3	43	-68
1	3	01	-42
1	3	02	-44
1	3	43	-62
1	3	43	-68
1	3	01	-42
1	3	02	-43
1	3	43	-65
1	3	43	-65
1	3	01	-42
1	3	02	-43
1	3	43	-65
1	3	43	-65
13	7	01	-54
13	7	02	-42
13	7	43	-62
13	7	43	-59
13	7	01	-54
13	7	02	-42
13	7	43	-62
13	7	43	-59
13	7	01	-54
13	7	02	-46
13	7	43	-67
13	7	43	-68
13	7	01	-54
13	7	02	-46
13	7	43	-67
13	7	43	-68
13	7	01	-54
13	7	02	-49
13	7	43	-67
13	7	43	-64
13	7	01	-54
13	7	02	-49
13	7	43	-67
13	7	43	-64
13	7	01	-51
13	7	02	-44
13	7	43	-64
13	7	43	-64
13	7	01	-51
13	7	02	-44
13	7	43	-64
13	7	43	-64
13	7	01	-55
13	7	02	-45
13	7	43	-63
13	7	43	-62
13	7	01	-55
13	7	02	-45
13	7	43	-63
13	7	43	-62
13	6	01	-46
13	6	02	-48
13	6	43	-62
13	6	43	-70
13	6	01	-46
13	6	02	-48
13	6	43	-62
13	6	43	-70
13	6	01	-54
13	6	02	-42
13	6	43	-63
13	6	43	-63
13	6	01	-54
13	6	02	-42
13	6	43	-63
13	6	43	-63
13	6	01	-64
13	6	02	-43
13	6	43	-67
13	6	43	-56
13	6	01	-64
13	6	02	-43
13	6	43	-67
13	6	43	-56
13	6	01	-66
13	6	02	-44
13	6	43	-61
13	6	43	-63
13	6	01	-66
13	6	02	-44
13	6	43	-61
13	6	43	-63
13	6	01	-65
13	6	02	-44
13	6	43	-60
13	6	43	-61
13	6	01	-65
13	6	02	-44
13	6	43	-60
13	6	43	-61
8	6	01	-52
8	6	02	-40
8	6	43	-60
8	6	43	-60
8	6	01	-52
8	6	02	-40
8	6	43	-60
8	6	43	-60
8	6	01	-52
8	6	02	-37
8	6	43	-67
8	6	43	-60
8	6	01	-52
8	6	02	-37
8	6	43	-67
8	6	43	-60
8	6	01	-48
8	6	02	-40
8	6	43	-66
8	6	43	-66
8	6	01	-48
8	6	02	-40
8	6	43	-66
8	6	43	-66
8	6	01	-53
8	6	02	-42
8	6	43	-64
8	6	43	-64
8	6	01	-53
8	6	02	-42
8	6	43	-64
8	6	43	-64
8	6	01	-50
8	6	02	-41
8	6	43	-65
8	6	43	-66
8	6	01	-50
8	6	02	-41
8	6	43	-65
8	6	43	-66
1	6	01	-55
1	6	02	-50
1	6	43	-67
1	6	43	-67
1	6	01	-55
1	6	02	-50
1	6	43	-67
1	6	43	-67
1	6	01	-54
1	6	02	-46
1	6	43	-67
1	6	43	-67
1	6	01	-54
1	6	02	-46
1	6	43	-67
1	6	43	-67
1	6	01	-54
1	6	02	-51
1	6	43	-69
1	6	43	-63
1	6	01	-54
1	6	02	-51
1	6	43	-69
1	6	43	-63
1	6	01	-57
1	6	02	-48
1	6	43	-67
1	6	43	-63
1	6	01	-57
1	6	02	-48
1	6	43	-67
1	6	43	-63
1	6	01	-60
1	6	02	-49
1	6	43	-66
1	6	43	-67
1	6	01	-60
1	6	02	-49
1	6	43	-66
1	6	43	-67
2	6	01	-56
2	6	02	-54
2	6	43	-62
2	6	43	-61
2	6	01	-56
2	6	02	-54
2	6	43	-62
2	6	43	-61
2	6	01	-51
2	6	02	-47
2	6	43	-62
2	6	43	-60
2	6	01	-51
2	6	02	-47
2	6	43	-62
2	6	43	-60
2	6	01	-56
2	6	02	-47
2	6	43	-62
2	6	43	-63
2	6	01	-56
2	6	02	-47
2	6	43	-62
2	6	43	-63
2	6	01	-53
2	6	02	-52
2	6	43	-65
2	6	43	-66
2	6	01	-53
2	6	02	-52
2	6	43	-65
2	6	43	-66
2	6	01	-56
2	6	02	-54
2	6	43	-66
2	6	43	-67
2	6	01	-56
2	6	02	-54
2	6	43	-66
2	6	43	-67
3	3	01	-47
3	3	02	-47
3	3	43	-69
3	3	43	-64
3	3	01	-47
3	3	02	-47
3	3	43	-60
3	3	43	-64
3	3	01	-47
3	3	02	-47
3	3	43	-60
3	3	43	-64
3	3	01	-45
3	3	02	-49
3	3	43	-59
3	3	43	-60
3	3	01	-45
3	3	02	-49
3	3	43	-59
3	3	43	-60
3	3	01	-45
3	3	02	-48
3	3	43	-59
3	3	43	-60
3	3	01	-45
3	3	02	-48
3	3	43	-59
3	3	43	-60
3	3	01	-45
3	3	02	-48
3	3	43	-59
3	3	43	-63
3	3	01	-45
3	3	02	-48
3	3	43	-59
3	3	43	-63
3	3	01	-45
3	3	02	-48
3	3	43	-59
3	3	43	-58
13	5	01	-56
13	5	02	-46
13	5	43	-64
13	5	43	-62
13	5	01	-50
13	5	02	-43
13	5	43	-61
13	5	43	-67
13	5	01	-50
13	5	02	-43
13	5	43	-61
13	5	43	-67
13	5	01	-51
13	5	02	-50
13	5	43	-72
13	5	43	-72
13	5	01	-51
13	5	02	-50
13	5	43	-72
13	5	43	-72
13	5	01	-56
13	5	02	-50
13	5	43	-71
13	5	43	-63
13	5	01	-56
13	5	02	-50
13	5	43	-71
13	5	43	-63
13	5	01	-61
13	5	02	-50
13	5	43	-71
13	5	43	-72
13	5	01	-61
13	5	02	-50
13	5	43	-71
13	5	43	-72
13	5	01	-62
13	5	02	-50
13	5	43	-71
13	5	43	-62
7	5	01	-56
7	5	02	-49
7	5	43	-65
7	5	43	-64
7	5	01	-56
7	5	02	-49
7	5	43	-65
7	5	43	-64
7	5	01	-63
7	5	02	-46
7	5	43	-62
7	5	43	-57
7	5	01	-63
7	5	02	-46
7	5	43	-62
7	5	43	-57
7	5	01	-56
7	5	02	-44
7	5	43	-57
7	5	43	-62
7	5	01	-56
7	5	02	-44
7	5	43	-57
7	5	43	-62
7	5	01	-67
7	5	02	-43
7	5	43	-56
7	5	43	-61
7	5	01	-67
7	5	02	-43
7	5	43	-56
7	5	43	-61
7	5	01	-56
7	5	02	-47
7	5	43	-60
7	5	43	-61
7	5	01	-56
7	5	02	-47
7	5	43	-60
7	5	43	-61
1	1	01	-44
1	1	02	-45
1	1	43	-78
1	1	43	-72
1	1	01	-44
1	1	02	-45
1	1	43	-78
1	1	43	-72
1	1	01	-54
1	1	02	-49
1	1	43	-62
1	1	43	-62
1	1	01	-54
1	1	02	-49
1	1	43	-62
1	1	43	-62
1	1	01	-52
1	1	02	-47
1	1	43	-62
1	1	43	-64
1	1	01	-52
1	1	02	-47
1	1	43	-62
1	1	43	-64
1	1	01	-50
1	1	02	-47
1	1	43	-64
1	1	43	-66
1	1	01	-50
1	1	02	-47
1	1	43	-64
1	1	43	-66
1	1	01	-51
1	1	02	-45
1	1	43	-62
1	1	43	-64
1	1	01	-51
1	1	02	-45
1	1	43	-62
1	1	43	-64
11	1	01	-52
11	1	02	-46
11	1	43	-67
11	1	43	-70
11	1	01	-52
11	1	02	-46
11	1	43	-67
11	1	43	-70
11	1	01	-50
11	1	02	-43
11	1	43	-68
11	1	43	-70
11	1	01	-50
11	1	02	-43
11	1	43	-68
11	1	43	-70
11	1	01	-56
11	1	02	-47
11	1	43	-69
11	1	43	-68
11	1	01	-56
11	1	02	-47
11	1	43	-69
11	1	43	-68
11	1	01	-59
11	1	02	-46
11	1	43	-69
11	1	43	-67
11	1	01	-59
11	1	02	-46
11	1	43	-69
11	1	43	-67
11	1	01	-56
11	1	02	-46
11	1	43	-68
11	1	43	-67
11	1	01	-56
11	1	02	-46
11	1	43	-68
11	1	43	-67
11	2	01	-56
11	2	02	-50
11	2	43	-65
11	2	43	-61
11	2	01	-56
11	2	02	-50
11	2	43	-65
11	2	43	-61
11	2	01	-53
11	2	02	-45
11	2	43	-55
11	2	43	-59
11	2	01	-53
11	2	02	-45
11	2	43	-55
11	2	43	-59
11	2	01	-50
11	2	02	-42
11	2	43	-56
11	2	43	-56
11	2	01	-50
11	2	02	-42
11	2	43	-56
11	2	43	-56
11	2	01	-48
11	2	02	-42
11	2	43	-56
11	2	43	-56
11	2	01	-48
11	2	02	-42
11	2	43	-56
11	2	43	-56
11	2	01	-52
11	2	02	-42
11	2	43	-53
11	2	43	-57
11	2	01	-52
11	2	02	-42
11	2	43	-53
11	2	43	-57
9	2	01	-62
9	2	02	-43
9	2	43	-61
9	2	43	-65
9	2	01	-62
9	2	02	-43
9	2	43	-61
9	2	43	-65
9	2	01	-56
9	2	02	-41
9	2	43	-57
9	2	43	-61
9	2	01	-56
9	2	02	-41
9	2	43	-57
9	2	43	-61
9	2	01	-54
9	2	02	-44
9	2	43	-62
9	2	43	-64
9	2	01	-54
9	2	02	-44
9	2	43	-62
9	2	43	-64
9	2	01	-54
9	2	02	-42
9	2	43	-57
9	2	43	-61
9	2	01	-54
9	2	02	-42
9	2	43	-57
9	2	43	-61
9	2	01	-56
9	2	02	-46
9	2	43	-57
9	2	43	-57
9	2	01	-56
9	2	02	-46
9	2	43	-57
9	2	43	-57
7	4	01	-47
7	4	02	-37
7	4	43	-57
7	4	43	-57
7	4	01	-47
7	4	02	-37
7	4	43	-57
7	4	43	-57
7	4	01	-52
7	4	02	-38
7	4	43	-55
7	4	43	-57
7	4	01	-52
7	4	02	-38
7	4	43	-55
7	4	43	-57
7	4	01	-52
7	4	02	-41
7	4	43	-56
7	4	43	-56
7	4	01	-52
7	4	02	-41
7	4	43	-56
7	4	43	-56
7	4	01	-55
7	4	02	-41
7	4	43	-55
7	4	43	-57
7	4	01	-55
7	4	02	-41
7	4	43	-55
7	4	43	-57
7	4	01	-50
7	4	02	-42
7	4	43	-58
7	4	43	-59
7	4	01	-50
7	4	02	-42
7	4	43	-58
7	4	43	-59
7	8	01	-49
7	8	02	-39
7	8	43	-58
7	8	43	-67
7	8	01	-49
7	8	02	-39
7	8	43	-58
7	8	43	-67
7	8	01	-48
7	8	02	-40
7	8	43	-60
7	8	43	-63
7	8	01	-48
7	8	02	-40
7	8	43	-60
7	8	43	-63
7	8	01	-44
7	8	02	-42
7	8	43	-59
7	8	43	-60
7	8	01	-44
7	8	02	-42
7	8	43	-59
7	8	43	-60
7	8	01	-47
7	8	02	-43
7	8	43	-60
7	8	43	-61
7	8	01	-47
7	8	02	-43
7	8	43	-60
7	8	43	-61
7	8	01	-52
7	8	02	-46
7	8	43	-59
7	8	43	-59
7	8	01	-52
7	8	02	-46
7	8	43	-59
7	8	43	-59
10	4	01	-48
10	4	02	-39
10	4	43	-56
10	4	43	-60
10	4	01	-48
10	4	02	-39
10	4	43	-56
10	4	43	-60
10	4	01	-55
10	4	02	-38
10	4	43	-52
10	4	43	-56
10	4	01	-55
10	4	02	-38
10	4	43	-52
10	4	43	-56
10	4	01	-57
10	4	02	-38
10	4	43	-60
10	4	43	-56
10	4	01	-57
10	4	02	-38
10	4	43	-60
10	4	43	-56
10	4	01	-48
10	4	02	-40
10	4	43	-57
10	4	43	-60
10	4	01	-48
10	4	02	-40
10	4	43	-57
10	4	43	-60
10	4	01	-46
10	4	02	-38
10	4	43	-57
10	4	43	-59
10	4	01	-46
10	4	02	-38
10	4	43	-57
10	4	43	-59
6	8	01	-51
6	8	02	-46
6	8	43	-59
6	8	43	-59
6	8	01	-51
6	8	02	-46
6	8	43	-59
6	8	43	-59
6	8	01	-56
6	8	02	-50
6	8	43	-63
6	8	43	-69
6	8	01	-56
6	8	02	-50
6	8	43	-63
6	8	43	-69
6	8	01	-53
6	8	02	-49
6	8	43	-66
6	8	43	-66
6	8	01	-53
6	8	02	-49
6	8	43	-66
6	8	43	-66
6	8	01	-53
6	8	02	-46
6	8	43	-64
6	8	43	-68
6	8	01	-53
6	8	02	-46
6	8	43	-64
6	8	43	-68
6	8	01	-51
6	8	02	-44
6	8	43	-70
6	8	43	-70
6	8	01	-51
6	8	02	-44
6	8	43	-70
6	8	43	-70
2	7	01	-50
2	7	02	-50
2	7	43	-63
2	7	43	-63
2	7	01	-50
2	7	02	-50
2	7	43	-63
2	7	43	-63
2	7	01	-55
2	7	02	-46
2	7	43	-62
2	7	43	-64
2	7	01	-55
2	7	02	-46
2	7	43	-62
2	7	43	-64
2	7	01	-57
2	7	02	-44
2	7	43	-62
2	7	43	-64
2	7	01	-57
2	7	02	-44
2	7	43	-62
2	7	43	-64
2	7	01	-52
2	7	02	-44
2	7	43	-61
2	7	43	-60
2	7	01	-52
2	7	02	-44
2	7	43	-61
2	7	43	-60
2	7	01	-52
2	7	02	-44
2	7	43	-62
2	7	43	-59
2	7	01	-52
2	7	02	-44
2	7	43	-62
2	7	43	-59
4	8	01	-52
4	8	02	-52
4	8	43	-60
4	8	43	-59
4	8	01	-52
4	8	02	-52
4	8	43	-60
4	8	43	-59
4	8	01	-59
4	8	02	-53
4	8	43	-57
4	8	43	-56
4	8	01	-59
4	8	02	-53
4	8	43	-57
4	8	43	-56
4	8	01	-56
4	8	02	-50
4	8	43	-65
4	8	43	-66
4	8	01	-56
4	8	02	-50
4	8	43	-65
4	8	43	-66
4	8	01	-56
4	8	02	-50
4	8	43	-57
4	8	43	-66
4	8	01	-56
4	8	02	-50
4	8	43	-57
4	8	43	-66
4	8	01	-57
4	8	02	-52
4	8	43	-54
4	8	43	-54
4	8	01	-57
4	8	02	-52
4	8	43	-54
4	8	43	-54
6	7	01	-59
6	7	02	-51
6	7	43	-59
6	7	43	-62
6	7	01	-59
6	7	02	-51
6	7	43	-59
6	7	43	-62
6	7	01	-51
6	7	02	-46
6	7	43	-60
6	7	43	-60
6	7	01	-51
6	7	02	-46
6	7	43	-60
6	7	43	-60
6	7	01	-46
6	7	02	-47
6	7	43	-70
6	7	43	-66
6	7	01	-46
6	7	02	-47
6	7	43	-70
6	7	43	-66
6	7	01	-47
6	7	02	-51
6	7	43	-58
6	7	43	-57
6	7	01	-47
6	7	02	-51
6	7	43	-58
6	7	43	-57
6	7	01	-60
6	7	02	-48
6	7	43	-56
6	7	43	-59
6	7	01	-60
6	7	02	-48
6	7	43	-56
6	7	43	-59
14	5	01	-61
14	5	02	-50
14	5	43	-69
14	5	43	-67
14	5	01	-61
14	5	02	-50
14	5	43	-69
14	5	43	-67
14	5	01	-58
14	5	02	-48
14	5	43	-67
14	5	43	-65
14	5	01	-58
14	5	02	-48
14	5	43	-67
14	5	43	-65
14	5	01	-59
14	5	02	-47
14	5	43	-63
14	5	43	-66
14	5	01	-59
14	5	02	-47
14	5	43	-63
14	5	43	-66
14	5	01	-59
14	5	02	-48
14	5	43	-67
14	5	43	-67
14	5	01	-59
14	5	02	-48
14	5	43	-67
14	5	43	-67
14	5	01	-62
14	5	02	-49
14	5	43	-63
14	5	43	-66
14	5	01	-60
14	5	02	-48
14	5	43	-68
14	5	43	-65
9	3	01	-55
9	3	02	-42
9	3	43	-61
9	3	43	-61
9	3	01	-54
9	3	02	-45
9	3	43	-63
9	3	43	-61
9	3	01	-54
9	3	02	-45
9	3	43	-63
9	3	43	-61
9	3	01	-54
9	3	02	-43
9	3	43	-69
9	3	43	-66
9	3	01	-54
9	3	02	-43
9	3	43	-69
9	3	43	-66
9	3	01	-57
9	3	02	-41
9	3	43	-72
9	3	43	-71
9	3	01	-57
9	3	02	-41
9	3	43	-72
9	3	43	-71
9	3	01	-58
9	3	02	-41
9	3	43	-66
9	3	43	-64
9	3	01	-58
9	3	02	-41
9	3	43	-66
9	3	43	-64
9	3	01	-58
9	3	02	-41
9	3	43	-65
9	3	43	-67
1	5	01	-43
1	5	02	-48
1	5	43	-65
1	5	43	-70
1	5	01	-43
1	5	02	-48
1	5	43	-65
1	5	43	-70
1	5	01	-49
1	5	02	-49
1	5	43	-64
1	5	43	-64
1	5	01	-49
1	5	02	-49
1	5	43	-64
1	5	43	-64
1	5	01	-50
1	5	02	-45
1	5	43	-66
1	5	43	-65
1	5	01	-50
1	5	02	-45
1	5	43	-66
1	5	43	-65
1	5	01	-54
1	5	02	-43
1	5	43	-68
1	5	43	-66
1	5	01	-54
1	5	02	-43
1	5	43	-68
1	5	43	-66
1	5	01	-51
1	5	02	-49
1	5	43	-64
1	5	43	-62
1	5	01	-51
1	5	02	-49
1	5	43	-64
1	5	43	-62
12	3	01	-55
12	3	02	-44
12	3	43	-72
12	3	43	-70
12	3	01	-55
12	3	02	-44
12	3	43	-72
12	3	43	-70
12	3	01	-55
12	3	02	-44
12	3	43	-68
12	3	43	-65
12	3	01	-55
12	3	02	-44
12	3	43	-68
12	3	43	-65
12	3	01	-50
12	3	02	-48
12	3	43	-68
12	3	43	-68
12	3	01	-50
12	3	02	-48
12	3	43	-68
12	3	43	-68
12	3	01	-48
12	3	02	-48
12	3	43	-69
12	3	43	-69
12	3	01	-48
12	3	02	-48
12	3	43	-69
12	3	43	-69
12	3	01	-49
12	3	02	-41
12	3	43	-73
12	3	43	-67
12	3	01	-49
12	3	02	-41
12	3	43	-73
12	3	43	-67
3	9	01	-47
3	9	02	-46
3	9	43	-60
3	9	43	-60
3	9	01	-47
3	9	02	-46
3	9	43	-60
3	9	43	-60
3	9	01	-51
3	9	02	-43
3	9	43	-58
3	9	43	-58
3	9	01	-51
3	9	02	-43
3	9	43	-58
3	9	43	-58
3	9	01	-51
3	9	02	-47
3	9	43	-59
3	9	43	-64
3	9	01	-51
3	9	02	-47
3	9	43	-59
3	9	43	-64
3	9	01	-52
3	9	02	-46
3	9	43	-61
3	9	43	-62
3	9	01	-52
3	9	02	-46
3	9	43	-61
3	9	43	-62
3	9	01	-51
3	9	02	-44
3	9	43	-62
3	9	43	-62
3	9	01	-51
3	9	02	-44
3	9	43	-62
3	9	43	-62
0	8	01	-57
0	8	02	-46
0	8	43	-62
0	8	43	-62
0	8	01	-57
0	8	02	-46
0	8	43	-62
0	8	43	-62
0	8	01	-54
0	8	02	-58
0	8	43	-62
0	8	43	-62
0	8	01	-54
0	8	02	-58
0	8	43	-62
0	8	43	-62
0	8	01	-55
0	8	02	-56
0	8	43	-67
0	8	43	-64
0	8	01	-55
0	8	02	-56
0	8	43	-67
0	8	43	-64
0	8	01	-60
0	8	02	-57
0	8	43	-65
0	8	43	-65
0	8	01	-60
0	8	02	-57
0	8	43	-65
0	8	43	-65
0	8	01	-57
0	8	02	-56
0	8	43	-68
0	8	43	-68
0	8	01	-57
0	8	02	-56
0	8	43	-68
0	8	43	-68
10	9	01	-55
10	9	02	-42
10	9	43	-62
10	9	43	-62
10	9	01	-56
10	9	02	-43
10	9	43	-62
10	9	43	-62
10	9	01	-56
10	9	02	-43
10	9	43	-62
10	9	43	-62
10	9	01	-50
10	9	02	-44
10	9	43	-61
10	9	43	-62
10	9	01	-50
10	9	02	-44
10	9	43	-61
10	9	43	-62
10	9	01	-58
10	9	02	-42
10	9	43	-58
10	9	43	-60
10	9	01	-58
10	9	02	-42
10	9	43	-58
10	9	43	-60
10	9	01	-54
10	9	02	-42
10	9	43	-57
10	9	43	-58
10	9	01	-54
10	9	02	-42
10	9	43	-57
10	9	43	-58
10	9	01	-55
10	9	02	-42
10	9	43	-57
10	9	43	-60
0	1	01	-42
0	1	02	-50
0	1	43	-67
0	1	43	-67
0	1	01	-53
0	1	02	-47
0	1	43	-67
0	1	43	-73
0	1	01	-44
0	1	02	-46
0	1	43	-72
0	1	43	-74
0	1	01	-46
0	1	02	-45
0	1	43	-72
0	1	43	-74
0	1	01	-45
0	1	02	-45
0	1	43	-72
0	1	43	-73
0	1	01	-45
0	1	02	-46
0	1	43	-75
0	1	43	-70
0	1	01	-44
0	1	02	-45
0	1	43	-71
0	1	43	-70
0	1	01	-48
0	1	02	-45
0	1	43	-74
0	1	43	-74
0	1	01	-45
0	1	02	-46
0	1	43	-73
0	1	43	-73
0	1	01	-44
0	1	02	-45
0	1	43	-73
0	1	43	-77
4	1	01	-50
4	1	02	-46
4	1	43	-70
4	1	43	-63
4	1	01	-50
4	1	02	-46
4	1	43	-70
4	1	43	-63
4	1	01	-52
4	1	02	-43
4	1	43	-63
4	1	43	-67
4	1	01	-52
4	1	02	-43
4	1	43	-63
4	1	43	-67
4	1	01	-51
4	1	02	-42
4	1	43	-63
4	1	43	-70
4	1	01	-51
4	1	02	-42
4	1	43	-63
4	1	43	-70
4	1	01	-51
4	1	02	-43
4	1	43	-68
4	1	43	-66
4	1	01	-51
4	1	02	-43
4	1	43	-68
4	1	43	-66
4	1	01	-50
4	1	02	-50
4	1	43	-71
4	1	43	-68
4	1	01	-50
4	1	02	-50
4	1	43	-71
4	1	43	-68
7	3	01	-54
7	3	02	-50
7	3	43	-60
7	3	43	-64
7	3	01	-54
7	3	02	-50
7	3	43	-60
7	3	43	-64
7	3	01	-57
7	3	02	-40
7	3	43	-61
7	3	43	-61
7	3	01	-57
7	3	02	-40
7	3	43	-61
7	3	43	-61
7	3	01	-50
7	3	02	-43
7	3	43	-60
7	3	43	-58
7	3	01	-50
7	3	02	-43
7	3	43	-60
7	3	43	-58
7	3	01	-48
7	3	02	-45
7	3	43	-65
7	3	43	-60
7	3	01	-48
7	3	02	-45
7	3	43	-65
7	3	43	-60
7	3	01	-49
7	3	02	-46
7	3	43	-61
7	3	43	-63
7	3	01	-49
7	3	02	-46
7	3	43	-61
7	3	43	-63
0	7	01	-54
0	7	02	-53
0	7	43	-69
0	7	43	-69
0	7	01	-54
0	7	02	-53
0	7	43	-69
0	7	43	-69
0	7	01	-55
0	7	02	-46
0	7	43	-64
0	7	43	-63
0	7	01	-55
0	7	02	-46
0	7	43	-64
0	7	43	-63
0	7	01	-52
0	7	02	-45
0	7	43	-68
0	7	43	-67
0	7	01	-52
0	7	02	-45
0	7	43	-68
0	7	43	-67
0	7	01	-51
0	7	02	-46
0	7	43	-68
0	7	43	-65
0	7	01	-51
0	7	02	-46
0	7	43	-68
0	7	43	-65
0	7	01	-52
0	7	02	-50
0	7	43	-63
0	7	43	-63
0	7	01	-52
0	7	02	-50
0	7	43	-63
0	7	43	-63
10	7	01	-50
10	7	02	-46
10	7	43	-69
10	7	43	-69
10	7	01	-53
10	7	02	-42
10	7	43	-69
10	7	43	-63
10	7	01	-53
10	7	02	-42
10	7	43	-69
10	7	43	-63
10	7	01	-52
10	7	02	-40
10	7	43	-66
10	7	43	-68
10	7	01	-52
10	7	02	-40
10	7	43	-66
10	7	43	-68
10	7	01	-52
10	7	02	-42
10	7	43	-62
10	7	43	-60
10	7	01	-52
10	7	02	-42
10	7	43	-62
10	7	43	-60
10	7	01	-52
10	7	02	-40
10	7	43	-65
10	7	43	-72
10	7	01	-52
10	7	02	-40
10	7	43	-65
10	7	43	-72
10	7	01	-53
10	7	02	-42
10	7	43	-61
10	7	43	-58
5	3	01	-42
5	3	02	-49
5	3	43	-66
5	3	43	-66
5	3	01	-42
5	3	02	-49
5	3	43	-66
5	3	43	-66
5	3	01	-55
5	3	02	-45
5	3	43	-68
5	3	43	-64
5	3	01	-55
5	3	02	-45
5	3	43	-68
5	3	43	-64
5	3	01	-49
5	3	02	-41
5	3	43	-66
5	3	43	-63
5	3	01	-49
5	3	02	-41
5	3	43	-66
5	3	43	-63
5	3	01	-52
5	3	02	-47
5	3	43	-57
5	3	43	-58
5	3	01	-52
5	3	02	-47
5	3	43	-57
5	3	43	-58
5	3	01	-50
5	3	02	-43
5	3	43	-67
5	3	43	-65
5	3	01	-50
5	3	02	-43
5	3	43	-67
5	3	43	-65
7	2	01	-52
7	2	02	-50
7	2	43	-56
7	2	43	-56
7	2	01	-52
7	2	02	-50
7	2	43	-56
7	2	43	-56
7	2	01	-46
7	2	02	-50
7	2	43	-60
7	2	43	-59
7	2	01	-46
7	2	02	-50
7	2	43	-60
7	2	43	-59
7	2	01	-46
7	2	02	-44
7	2	43	-59
7	2	43	-58
7	2	01	-46
7	2	02	-44
7	2	43	-59
7	2	43	-58
7	2	01	-46
7	2	02	-46
7	2	43	-57
7	2	43	-58
7	2	01	-46
7	2	02	-46
7	2	43	-57
7	2	43	-58
7	2	01	-47
7	2	02	-46
7	2	43	-58
7	2	43	-58
7	2	01	-47
7	2	02	-46
7	2	43	-58
7	2	43	-58
3	6	01	-52
3	6	02	-44
3	6	43	-60
3	6	43	-60
3	6	01	-52
3	6	02	-44
3	6	43	-60
3	6	43	-60
3	6	01	-52
3	6	02	-50
3	6	43	-61
3	6	43	-61
3	6	01	-52
3	6	02	-50
3	6	43	-61
3	6	43	-61
3	6	01	-51
3	6	02	-50
3	6	43	-59
3	6	43	-60
3	6	01	-51
3	6	02	-50
3	6	43	-59
3	6	43	-60
3	6	01	-53
3	6	02	-50
3	6	43	-70
3	6	43	-60
3	6	01	-53
3	6	02	-50
3	6	43	-70
3	6	43	-60
3	6	01	-59
3	6	02	-52
3	6	43	-70
3	6	43	-64
3	6	01	-59
3	6	02	-52
3	6	43	-70
3	6	43	-64
4	4	01	-46
4	4	02	-40
4	4	43	-61
4	4	43	-61
4	4	01	-46
4	4	02	-40
4	4	43	-61
4	4	43	-61
4	4	01	-52
4	4	02	-44
4	4	43	-56
4	4	43	-59
4	4	01	-52
4	4	02	-44
4	4	43	-56
4	4	43	-59
4	4	01	-47
4	4	02	-45
4	4	43	-62
4	4	43	-57
4	4	01	-47
4	4	02	-45
4	4	43	-62
4	4	43	-57
4	4	01	-47
4	4	02	-50
4	4	43	-61
4	4	43	-59
4	4	01	-47
4	4	02	-50
4	4	43	-61
4	4	43	-59
4	4	01	-46
4	4	02	-50
4	4	43	-61
4	4	43	-61
4	4	01	-46
4	4	02	-50
4	4	43	-61
4	4	43	-61
2	1	01	-52
2	1	02	-44
2	1	43	-62
2	1	43	-62
2	1	01	-52
2	1	02	-44
2	1	43	-62
2	1	43	-62
2	1	01	-46
2	1	02	-43
2	1	43	-69
2	1	43	-68
2	1	01	-46
2	1	02	-43
2	1	43	-69
2	1	43	-68
2	1	01	-44
2	1	02	-45
2	1	43	-73
2	1	43	-67
2	1	01	-44
2	1	02	-45
2	1	43	-73
2	1	43	-67
2	1	01	-42
2	1	02	-45
2	1	43	-67
2	1	43	-72
2	1	01	-42
2	1	02	-45
2	1	43	-67
2	1	43	-72
2	1	01	-43
2	1	02	-48
2	1	43	-72
2	1	43	-66
2	1	01	-43
2	1	02	-48
2	1	43	-72
2	1	43	-66
5	2	01	-48
5	2	02	-43
5	2	43	-58
5	2	43	-62
5	2	01	-48
5	2	02	-43
5	2	43	-58
5	2	43	-62
5	2	01	-47
5	2	02	-48
5	2	43	-65
5	2	43	-63
5	2	01	-47
5	2	02	-48
5	2	43	-65
5	2	43	-63
5	2	01	-45
5	2	02	-49
5	2	43	-60
5	2	43	-62
5	2	01	-45
5	2	02	-49
5	2	43	-60
5	2	43	-62
5	2	01	-45
5	2	02	-46
5	2	43	-64
5	2	43	-62
5	2	01	-45
5	2	02	-46
5	2	43	-64
5	2	43	-62
5	2	01	-50
5	2	02	-48
5	2	43	-62
5	2	43	-62
5	2	01	-50
5	2	02	-48
5	2	43	-62
5	2	43	-62
1	7	01	-52
1	7	02	-57
1	7	43	-65
1	7	43	-63
1	7	01	-52
1	7	02	-57
1	7	43	-65
1	7	43	-63
1	7	01	-56
1	7	02	-47
1	7	43	-62
1	7	43	-58
1	7	01	-53
1	7	02	-51
1	7	43	-67
1	7	43	-71
1	7	01	-53
1	7	02	-51
1	7	43	-67
1	7	43	-71
1	7	01	-55
1	7	02	-43
1	7	43	-64
1	7	43	-64
1	7	01	-55
1	7	02	-43
1	7	43	-64
1	7	43	-64
1	7	01	-58
1	7	02	-53
1	7	43	-67
1	7	43	-67
1	7	01	-58
1	7	02	-53
1	7	43	-67
1	7	43	-67
1	7	01	-43
1	7	02	-45
1	7	43	-65
1	7	43	-64
12	1	01	-53
12	1	02	-46
12	1	43	-70
12	1	43	-70
12	1	01	-53
12	1	02	-46
12	1	43	-70
12	1	43	-70
12	1	01	-56
12	1	02	-46
12	1	43	-67
12	1	43	-67
12	1	01	-56
12	1	02	-46
12	1	43	-67
12	1	43	-67
12	1	01	-49
12	1	02	-44
12	1	43	-72
12	1	43	-74
12	1	01	-49
12	1	02	-44
12	1	43	-72
12	1	43	-74
12	1	01	-49
12	1	02	-44
12	1	43	-71
12	1	43	-73
12	1	01	-49
12	1	02	-44
12	1	43	-71
12	1	43	-73
12	1	01	-52
12	1	02	-50
12	1	43	-67
12	1	43	-68
12	1	01	-52
12	1	02	-50
12	1	43	-67
12	1	43	-68
9	5	01	-55
9	5	02	-41
9	5	43	-63
9	5	43	-62
9	5	01	-55
9	5	02	-41
9	5	43	-63
9	5	43	-62
9	5	01	-56
9	5	02	-42
9	5	43	-63
9	5	43	-61
9	5	01	-56
9	5	02	-42
9	5	43	-63
9	5	43	-61
9	5	01	-55
9	5	02	-38
9	5	43	-65
9	5	43	-65
9	5	01	-55
9	5	02	-38
9	5	43	-65
9	5	43	-65
9	5	01	-54
9	5	02	-39
9	5	43	-62
9	5	43	-65
9	5	01	-54
9	5	02	-39
9	5	43	-62
9	5	43	-65
9	5	01	-56
9	5	02	-40
9	5	43	-63
9	5	43	-63
9	5	01	-56
9	5	02	-40
9	5	43	-63
9	5	43	-63
2	4	01	-50
2	4	02	-49
2	4	43	-61
2	4	43	-66
2	4	01	-50
2	4	02	-49
2	4	43	-61
2	4	43	-66
2	4	01	-56
2	4	02	-46
2	4	43	-59
2	4	43	-66
2	4	01	-56
2	4	02	-46
2	4	43	-59
2	4	43	-66
2	4	01	-56
2	4	02	-45
2	4	43	-64
2	4	43	-66
2	4	01	-56
2	4	02	-45
2	4	43	-64
2	4	43	-66
2	4	01	-61
2	4	02	-44
2	4	43	-58
2	4	43	-58
2	4	01	-61
2	4	02	-44
2	4	43	-58
2	4	43	-58
2	4	01	-58
2	4	02	-44
2	4	43	-58
2	4	43	-58
2	4	01	-58
2	4	02	-44
2	4	43	-58
2	4	43	-58
10	8	01	-43
10	8	02	-39
10	8	43	-54
10	8	43	-54
10	8	01	-43
10	8	02	-39
10	8	43	-54
10	8	43	-54
10	8	01	-56
10	8	02	-42
10	8	43	-64
10	8	43	-60
10	8	01	-56
10	8	02	-42
10	8	43	-64
10	8	43	-60
10	8	01	-56
10	8	02	-44
10	8	43	-61
10	8	43	-63
10	8	01	-56
10	8	02	-44
10	8	43	-61
10	8	43	-63
10	8	01	-57
10	8	02	-41
10	8	43	-61
10	8	43	-59
10	8	01	-57
10	8	02	-41
10	8	43	-61
10	8	43	-59
10	8	01	-55
10	8	02	-41
10	8	43	-61
10	8	43	-59
10	8	01	-55
10	8	02	-41
10	8	43	-61
10	8	43	-59
12	5	01	-51
12	5	02	-48
12	5	43	-62
12	5	43	-61
12	5	01	-51
12	5	02	-48
12	5	43	-62
12	5	43	-61
12	5	01	-50
12	5	02	-50
12	5	43	-67
12	5	43	-61
12	5	01	-50
12	5	02	-50
12	5	43	-67
12	5	43	-61
12	5	01	-54
12	5	02	-48
12	5	43	-67
12	5	43	-69
12	5	01	-54
12	5	02	-48
12	5	43	-67
12	5	43	-69
12	5	01	-56
12	5	02	-46
12	5	43	-65
12	5	43	-66
12	5	01	-56
12	5	02	-46
12	5	43	-65
12	5	43	-66
12	5	01	-57
12	5	02	-46
12	5	43	-60
12	5	43	-60
12	5	01	-57
12	5	02	-46
12	5	43	-60
12	5	43	-60
4	7	01	-55
4	7	02	-48
4	7	43	-57
4	7	43	-56
4	7	01	-55
4	7	02	-48
4	7	43	-57
4	7	43	-56
4	7	01	-48
4	7	02	-45
4	7	43	-67
4	7	43	-69
4	7	01	-50
4	7	02	-52
4	7	43	-64
4	7	43	-64
4	7	01	-50
4	7	02	-52
4	7	43	-64
4	7	43	-64
4	7	01	-50
4	7	02	-46
4	7	43	-63
4	7	43	-63
4	7	01	-50
4	7	02	-46
4	7	43	-63
4	7	43	-63
4	7	01	-49
4	7	02	-48
4	7	43	-62
4	7	43	-63
4	7	01	-49
4	7	02	-48
4	7	43	-62
4	7	43	-63
4	7	01	-47
4	7	02	-46
4	7	43	-65
4	7	43	-64
11	8	01	-50
11	8	02	-40
11	8	43	-63
11	8	43	-63
11	8	01	-50
11	8	02	-40
11	8	43	-63
11	8	43	-63
11	8	01	-46
11	8	02	-40
11	8	43	-60
11	8	43	-61
11	8	01	-46
11	8	02	-40
11	8	43	-60
11	8	43	-61
11	8	01	-48
11	8	02	-42
11	8	43	-59
11	8	43	-58
11	8	01	-48
11	8	02	-42
11	8	43	-59
11	8	43	-58
11	8	01	-45
11	8	02	-40
11	8	43	-53
11	8	43	-54
11	8	01	-45
11	8	02	-40
11	8	43	-53
11	8	43	-54
11	8	01	-41
11	8	02	-39
11	8	43	-54
11	8	43	-52
11	8	01	-41
11	8	02	-39
11	8	43	-54
11	8	43	-52
5	1	01	-51
5	1	02	-46
5	1	43	-72
5	1	43	-72
5	1	01	-51
5	1	02	-46
5	1	43	-72
5	1	43	-72
5	1	01	-49
5	1	02	-49
5	1	43	-67
5	1	43	-72
5	1	01	-49
5	1	02	-49
5	1	43	-67
5	1	43	-72
5	1	01	-49
5	1	02	-46
5	1	43	-65
5	1	43	-65
5	1	01	-49
5	1	02	-46
5	1	43	-65
5	1	43	-65
5	1	01	-54
5	1	02	-46
5	1	43	-62
5	1	43	-64
5	1	01	-54
5	1	02	-46
5	1	43	-62
5	1	43	-64
5	1	01	-54
5	1	02	-45
5	1	43	-66
5	1	43	-65
5	1	01	-54
5	1	02	-45
5	1	43	-66
5	1	43	-65
3	1	01	-43
3	1	02	-46
3	1	43	-71
3	1	43	-72
3	1	01	-43
3	1	02	-46
3	1	43	-71
3	1	43	-72
3	1	01	-54
3	1	02	-44
3	1	43	-62
3	1	43	-62
3	1	01	-54
3	1	02	-44
3	1	43	-62
3	1	43	-62
3	1	01	-50
3	1	02	-43
3	1	43	-64
3	1	43	-65
3	1	01	-50
3	1	02	-43
3	1	43	-64
3	1	43	-65
3	1	01	-53
3	1	02	-49
3	1	43	-68
3	1	43	-70
3	1	01	-53
3	1	02	-49
3	1	43	-68
3	1	43	-70
3	1	01	-59
3	1	02	-46
3	1	43	-64
3	1	43	-63
3	1	01	-59
3	1	02	-46
3	1	43	-64
3	1	43	-63
10	2	01	-52
10	2	02	-46
10	2	43	-54
10	2	43	-54
10	2	01	-52
10	2	02	-46
10	2	43	-54
10	2	43	-54
10	2	01	-48
10	2	02	-46
10	2	43	-66
10	2	43	-66
10	2	01	-48
10	2	02	-46
10	2	43	-66
10	2	43	-66
10	2	01	-47
10	2	02	-43
10	2	43	-60
10	2	43	-62
10	2	01	-47
10	2	02	-43
10	2	43	-60
10	2	43	-62
10	2	01	-47
10	2	02	-40
10	2	43	-69
10	2	43	-69
10	2	01	-47
10	2	02	-40
10	2	43	-69
10	2	43	-69
10	2	01	-54
10	2	02	-43
10	2	43	-63
10	2	43	-68
10	2	01	-54
10	2	02	-43
10	2	43	-63
10	2	43	-68
7	7	01	-56
7	7	02	-50
7	7	43	-59
7	7	43	-58
7	7	01	-56
7	7	02	-50
7	7	43	-59
7	7	43	-58
7	7	01	-49
7	7	02	-42
7	7	43	-53
7	7	43	-55
7	7	01	-49
7	7	02	-42
7	7	43	-53
7	7	43	-55
7	7	01	-51
7	7	02	-42
7	7	43	-51
7	7	43	-51
7	7	01	-51
7	7	02	-42
7	7	43	-51
7	7	43	-51
7	7	01	-57
7	7	02	-42
7	7	43	-53
7	7	43	-53
7	7	01	-57
7	7	02	-42
7	7	43	-53
7	7	43	-53
7	7	01	-50
7	7	02	-42
7	7	43	-54
7	7	43	-54
7	7	01	-50
7	7	02	-42
7	7	43	-54
7	7	43	-54
3	5	01	-51
3	5	02	-46
3	5	43	-60
3	5	43	-59
3	5	01	-47
3	5	02	-48
3	5	43	-64
3	5	43	-63
3	5	01	-47
3	5	02	-48
3	5	43	-64
3	5	43	-63
3	5	01	-47
3	5	02	-43
3	5	43	-65
3	5	43	-65
3	5	01	-47
3	5	02	-43
3	5	43	-65
3	5	43	-65
3	5	01	-48
3	5	02	-46
3	5	43	-63
3	5	43	-65
3	5	01	-48
3	5	02	-46
3	5	43	-63
3	5	43	-65
3	5	01	-47
3	5	02	-46
3	5	43	-66
3	5	43	-61
3	5	01	-47
3	5	02	-46
3	5	43	-66
3	5	43	-61
3	5	01	-46
3	5	02	-45
3	5	43	-66
3	5	43	-62
8	4	01	-48
8	4	02	-37
8	4	43	-62
8	4	43	-64
8	4	01	-48
8	4	02	-37
8	4	43	-62
8	4	43	-64
8	4	01	-45
8	4	02	-36
8	4	43	-54
8	4	43	-57
8	4	01	-45
8	4	02	-36
8	4	43	-54
8	4	43	-57
8	4	01	-45
8	4	02	-38
8	4	43	-58
8	4	43	-57
8	4	01	-45
8	4	02	-38
8	4	43	-58
8	4	43	-57
8	4	01	-46
8	4	02	-39
8	4	43	-56
8	4	43	-57
8	4	01	-46
8	4	02	-39
8	4	43	-56
8	4	43	-57
8	4	01	-47
8	4	02	-38
8	4	43	-57
8	4	43	-57
8	4	01	-47
8	4	02	-38
8	4	43	-57
8	4	43	-57
7	1	01	-55
7	1	02	-39
7	1	43	-66
7	1	43	-67
7	1	01	-57
7	1	02	-42
7	1	43	-67
7	1	43	-70
7	1	01	-57
7	1	02	-42
7	1	43	-67
7	1	43	-70
7	1	01	-54
7	1	02	-43
7	1	43	-67
7	1	43	-70
7	1	01	-54
7	1	02	-43
7	1	43	-67
7	1	43	-70
7	1	01	-60
7	1	02	-42
7	1	43	-65
7	1	43	-65
7	1	01	-60
7	1	02	-42
7	1	43	-65
7	1	43	-65
7	1	01	-64
7	1	02	-42
7	1	43	-67
7	1	43	-66
7	1	01	-64
7	1	02	-42
7	1	43	-67
7	1	43	-66
7	1	01	-58
7	1	02	-40
7	1	43	-68
7	1	43	-68
1	8	01	-56
1	8	02	-56
1	8	43	-64
1	8	43	-64
1	8	01	-56
1	8	02	-56
1	8	43	-64
1	8	43	-64
1	8	01	-58
1	8	02	-53
1	8	43	-67
1	8	43	-73
1	8	01	-58
1	8	02	-53
1	8	43	-67
1	8	43	-73
1	8	01	-56
1	8	02	-52
1	8	43	-68
1	8	43	-67
1	8	01	-56
1	8	02	-52
1	8	43	-68
1	8	43	-67
1	8	01	-57
1	8	02	-48
1	8	43	-66
1	8	43	-63
1	8	01	-57
1	8	02	-48
1	8	43	-66
1	8	43	-63
1	8	01	-57
1	8	02	-47
1	8	43	-64
1	8	43	-63
1	8	01	-57
1	8	02	-47
1	8	43	-64
1	8	43	-63
11	4	01	-54
11	4	02	-40
11	4	43	-59
11	4	43	-65
11	4	01	-48
11	4	02	-39
11	4	43	-57
11	4	43	-54
11	4	01	-48
11	4	02	-39
11	4	43	-57
11	4	43	-54
11	4	01	-50
11	4	02	-42
11	4	43	-64
11	4	43	-55
11	4	01	-50
11	4	02	-42
11	4	43	-64
11	4	43	-55
11	4	01	-50
11	4	02	-40
11	4	43	-64
11	4	43	-57
11	4	01	-50
11	4	02	-40
11	4	43	-64
11	4	43	-57
11	4	01	-51
11	4	02	-37
11	4	43	-55
11	4	43	-55
11	4	01	-51
11	4	02	-37
11	4	43	-55
11	4	43	-55
11	4	01	-50
11	4	02	-40
11	4	43	-64
11	4	43	-57
11	6	01	-50
11	6	02	-40
11	6	43	-62
11	6	43	-62
11	6	01	-50
11	6	02	-40
11	6	43	-62
11	6	43	-62
11	6	01	-52
11	6	02	-40
11	6	43	-65
11	6	43	-66
11	6	01	-52
11	6	02	-40
11	6	43	-65
11	6	43	-66
11	6	01	-54
11	6	02	-38
11	6	43	-68
11	6	43	-68
11	6	01	-54
11	6	02	-38
11	6	43	-68
11	6	43	-68
11	6	01	-55
11	6	02	-38
11	6	43	-67
11	6	43	-64
11	6	01	-55
11	6	02	-38
11	6	43	-67
11	6	43	-64
11	6	01	-54
11	6	02	-38
11	6	43	-68
11	6	43	-63
11	6	01	-54
11	6	02	-38
11	6	43	-68
11	6	43	-63
9	9	01	-58
9	9	02	-46
9	9	43	-58
9	9	43	-59
9	9	01	-58
9	9	02	-46
9	9	43	-58
9	9	43	-59
9	9	01	-50
9	9	02	-42
9	9	43	-62
9	9	43	-59
9	9	01	-50
9	9	02	-42
9	9	43	-62
9	9	43	-59
9	9	01	-53
9	9	02	-40
9	9	43	-59
9	9	43	-60
9	9	01	-53
9	9	02	-40
9	9	43	-59
9	9	43	-60
9	9	01	-52
9	9	02	-44
9	9	43	-65
9	9	43	-64
9	9	01	-52
9	9	02	-44
9	9	43	-65
9	9	43	-64
9	9	01	-52
9	9	02	-42
9	9	43	-59
9	9	43	-59
9	9	01	-52
9	9	02	-42
9	9	43	-59
9	9	43	-59
2	5	01	-52
2	5	02	-46
2	5	43	-66
2	5	43	-70
2	5	01	-52
2	5	02	-46
2	5	43	-66
2	5	43	-70
2	5	01	-54
2	5	02	-46
2	5	43	-65
2	5	43	-60
2	5	01	-54
2	5	02	-46
2	5	43	-65
2	5	43	-60
2	5	01	-46
2	5	02	-47
2	5	43	-64
2	5	43	-63
2	5	01	-46
2	5	02	-47
2	5	43	-64
2	5	43	-63
2	5	01	-52
2	5	02	-42
2	5	43	-59
2	5	43	-58
2	5	01	-52
2	5	02	-42
2	5	43	-59
2	5	43	-58
2	5	01	-51
2	5	02	-46
2	5	43	-62
2	5	43	-62
2	5	01	-51
2	5	02	-46
2	5	43	-62
2	5	43	-62
6	1	01	-56
6	1	02	-40
6	1	43	-63
6	1	43	-66
6	1	01	-56
6	1	02	-38
6	1	43	-65
6	1	43	-70
6	1	01	-56
6	1	02	-38
6	1	43	-65
6	1	43	-70
6	1	01	-56
6	1	02	-35
6	1	43	-64
6	1	43	-68
6	1	01	-56
6	1	02	-35
6	1	43	-64
6	1	43	-68
6	1	01	-56
6	1	02	-39
6	1	43	-72
6	1	43	-68
6	1	01	-56
6	1	02	-39
6	1	43	-72
6	1	43	-68
6	1	01	-61
6	1	02	-40
6	1	43	-72
6	1	43	-65
6	1	01	-61
6	1	02	-40
6	1	43	-72
6	1	43	-65
6	1	01	-58
6	1	02	-40
6	1	43	-66
6	1	43	-67
5	5	01	-49
5	5	02	-51
5	5	43	-59
5	5	43	-57
5	5	01	-49
5	5	02	-51
5	5	43	-59
5	5	43	-57
5	5	01	-50
5	5	02	-52
5	5	43	-69
5	5	43	-63
5	5	01	-50
5	5	02	-52
5	5	43	-69
5	5	43	-63
5	5	01	-53
5	5	02	-52
5	5	43	-64
5	5	43	-69
5	5	01	-53
5	5	02	-52
5	5	43	-64
5	5	43	-69
5	5	01	-50
5	5	02	-50
5	5	43	-64
5	5	43	-68
5	5	01	-50
5	5	02	-50
5	5	43	-64
5	5	43	-68
5	5	01	-48
5	5	02	-52
5	5	43	-66
5	5	43	-66
5	5	01	-48
5	5	02	-52
5	5	43	-66
5	5	43	-66
5	8	01	-57
5	8	02	-47
5	8	43	-61
5	8	43	-57
5	8	01	-57
5	8	02	-47
5	8	43	-61
5	8	43	-57
5	8	01	-60
5	8	02	-55
5	8	43	-61
5	8	43	-60
5	8	01	-60
5	8	02	-55
5	8	43	-61
5	8	43	-60
5	8	01	-55
5	8	02	-55
5	8	43	-59
5	8	43	-59
5	8	01	-55
5	8	02	-55
5	8	43	-59
5	8	43	-59
5	8	01	-52
5	8	02	-52
5	8	43	-59
5	8	43	-59
5	8	01	-52
5	8	02	-52
5	8	43	-59
5	8	43	-59
5	8	01	-53
5	8	02	-50
5	8	43	-61
5	8	43	-59
5	8	01	-53
5	8	02	-50
5	8	43	-61
5	8	43	-59
0	6	01	-54
0	6	02	-45
0	6	43	-67
0	6	43	-62
0	6	01	-54
0	6	02	-45
0	6	43	-67
0	6	43	-62
0	6	01	-56
0	6	02	-55
0	6	43	-72
0	6	43	-70
0	6	01	-56
0	6	02	-55
0	6	43	-72
0	6	43	-70
0	6	01	-53
0	6	02	-51
0	6	43	-73
0	6	43	-70
0	6	01	-53
0	6	02	-51
0	6	43	-73
0	6	43	-70
0	6	01	-54
0	6	02	-49
0	6	43	-68
0	6	43	-64
0	6	01	-54
0	6	02	-49
0	6	43	-68
0	6	43	-64
0	6	01	-52
0	6	02	-56
0	6	43	-65
0	6	43	-67
0	6	01	-52
0	6	02	-56
0	6	43	-65
0	6	43	-67
14	6	01	-57
14	6	02	-45
14	6	43	-65
14	6	43	-67
14	6	01	-57
14	6	02	-45
14	6	43	-65
14	6	43	-67
14	6	01	-50
14	6	02	-52
14	6	43	-65
14	6	43	-67
14	6	01	-50
14	6	02	-52
14	6	43	-65
14	6	43	-67
14	6	01	-48
14	6	02	-47
14	6	43	-62
14	6	43	-67
14	6	01	-48
14	6	02	-47
14	6	43	-62
14	6	43	-67
14	6	01	-48
14	6	02	-44
14	6	43	-67
14	6	43	-62
14	6	01	-48
14	6	02	-44
14	6	43	-67
14	6	43	-62
14	6	01	-47
14	6	02	-49
14	6	43	-63
14	6	43	-62
14	6	01	-47
14	6	02	-49
14	6	43	-63
14	6	43	-62
4	3	01	-45
4	3	02	-48
4	3	43	-62
4	3	43	-60
4	3	01	-45
4	3	02	-48
4	3	43	-62
4	3	43	-60
4	3	01	-44
4	3	02	-48
4	3	43	-62
4	3	43	-60
4	3	01	-44
4	3	02	-48
4	3	43	-62
4	3	43	-60
4	3	01	-44
4	3	02	-48
4	3	43	-61
4	3	43	-66
4	3	01	-44
4	3	02	-48
4	3	43	-61
4	3	43	-66
4	3	01	-44
4	3	02	-48
4	3	43	-66
4	3	43	-61
4	3	01	-44
4	3	02	-48
4	3	43	-66
4	3	43	-61
4	3	01	-44
4	3	02	-49
4	3	43	-66
4	3	43	-65
4	3	01	-44
4	3	02	-49
4	3	43	-66
4	3	43	-65
5	4	01	-49
5	4	02	-40
5	4	43	-67
5	4	43	-60
5	4	01	-49
5	4	02	-40
5	4	43	-67
5	4	43	-60
5	4	01	-48
5	4	02	-44
5	4	43	-64
5	4	43	-63
5	4	01	-48
5	4	02	-44
5	4	43	-64
5	4	43	-63
5	4	01	-46
5	4	02	-42
5	4	43	-61
5	4	43	-62
5	4	01	-46
5	4	02	-42
5	4	43	-61
5	4	43	-62
5	4	01	-45
5	4	02	-42
5	4	43	-61
5	4	43	-62
5	4	01	-45
5	4	02	-42
5	4	43	-61
5	4	43	-62
5	4	01	-46
5	4	02	-42
5	4	43	-62
5	4	43	-60
5	4	01	-46
5	4	02	-42
5	4	43	-62
5	4	43	-60
9	8	01	-61
9	8	02	-40
9	8	43	-60
9	8	43	-58
9	8	01	-61
9	8	02	-40
9	8	43	-60
9	8	43	-58
9	8	01	-53
9	8	02	-46
9	8	43	-60
9	8	43	-59
9	8	01	-56
9	8	02	-46
9	8	43	-60
9	8	43	-59
9	8	01	-56
9	8	02	-46
9	8	43	-60
9	8	43	-59
9	8	01	-52
9	8	02	-45
9	8	43	-60
9	8	43	-60
9	8	01	-52
9	8	02	-45
9	8	43	-60
9	8	43	-60
9	8	01	-50
9	8	02	-44
9	8	43	-61
9	8	43	-60
9	8	01	-50
9	8	02	-44
9	8	43	-61
9	8	43	-60
9	8	01	-50
9	8	02	-42
9	8	43	-61
9	8	43	-60
9	7	01	-53
9	7	02	-51
9	7	43	-55
9	7	43	-54
9	7	01	-53
9	7	02	-51
9	7	43	-55
9	7	43	-54
9	7	01	-51
9	7	02	-38
9	7	43	-62
9	7	43	-54
9	7	01	-51
9	7	02	-38
9	7	43	-62
9	7	43	-54
9	7	01	-50
9	7	02	-55
9	7	43	-56
9	7	43	-56
9	7	01	-50
9	7	02	-55
9	7	43	-56
9	7	43	-56
9	7	01	-51
9	7	02	-49
9	7	43	-63
9	7	43	-64
9	7	01	-51
9	7	02	-49
9	7	43	-63
9	7	43	-64
9	7	01	-52
9	7	02	-49
9	7	43	-58
9	7	43	-72
9	7	01	-52
9	7	02	-49
9	7	43	-58
9	7	43	-72
2	9	01	-54
2	9	02	-47
2	9	43	-59
2	9	43	-58
2	9	01	-54
2	9	02	-47
2	9	43	-59
2	9	43	-58
2	9	01	-47
2	9	02	-46
2	9	43	-63
2	9	43	-62
2	9	01	-47
2	9	02	-46
2	9	43	-63
2	9	43	-62
2	9	01	-46
2	9	02	-52
2	9	43	-65
2	9	43	-61
2	9	01	-46
2	9	02	-52
2	9	43	-65
2	9	43	-61
2	9	01	-51
2	9	02	-50
2	9	43	-59
2	9	43	-64
2	9	01	-51
2	9	02	-50
2	9	43	-59
2	9	43	-64
2	9	01	-50
2	9	02	-47
2	9	43	-62
2	9	43	-64
2	9	01	-50
2	9	02	-47
2	9	43	-62
2	9	43	-64
8	5	01	-52
8	5	02	-45
8	5	43	-60
8	5	43	-61
8	5	01	-52
8	5	02	-45
8	5	43	-60
8	5	43	-61
8	5	01	-57
8	5	02	-40
8	5	43	-65
8	5	43	-64
8	5	01	-57
8	5	02	-40
8	5	43	-65
8	5	43	-64
8	5	01	-53
8	5	02	-44
8	5	43	-56
8	5	43	-56
8	5	01	-53
8	5	02	-44
8	5	43	-56
8	5	43	-56
8	5	01	-64
8	5	02	-44
8	5	43	-59
8	5	43	-59
8	5	01	-64
8	5	02	-44
8	5	43	-59
8	5	43	-59
8	5	01	-61
8	5	02	-42
8	5	43	-57
8	5	43	-66
8	5	01	-61
8	5	02	-42
8	5	43	-57
8	5	43	-66
2	2	01	-43
2	2	02	-47
2	2	43	-64
2	2	43	-62
2	2	01	-43
2	2	02	-47
2	2	43	-64
2	2	43	-62
2	2	01	-42
2	2	02	-48
2	2	43	-65
2	2	43	-65
2	2	01	-42
2	2	02	-48
2	2	43	-65
2	2	43	-65
2	2	01	-46
2	2	02	-46
2	2	43	-69
2	2	43	-62
2	2	01	-46
2	2	02	-46
2	2	43	-69
2	2	43	-62
2	2	01	-43
2	2	02	-46
2	2	43	-69
2	2	43	-68
2	2	01	-43
2	2	02	-46
2	2	43	-69
2	2	43	-68
2	2	01	-43
2	2	02	-51
2	2	43	-68
2	2	43	-68
2	2	01	-43
2	2	02	-51
2	2	43	-68
2	2	43	-68
6	3	01	-54
6	3	02	-44
6	3	43	-62
6	3	43	-63
6	3	01	-54
6	3	02	-44
6	3	43	-62
6	3	43	-63
6	3	01	-56
6	3	02	-47
6	3	43	-59
6	3	43	-61
6	3	01	-56
6	3	02	-47
6	3	43	-59
6	3	43	-61
6	3	01	-53
6	3	02	-46
6	3	43	-59
6	3	43	-60
6	3	01	-53
6	3	02	-46
6	3	43	-59
6	3	43	-60
6	3	01	-48
6	3	02	-49
6	3	43	-62
6	3	43	-62
6	3	01	-48
6	3	02	-49
6	3	43	-62
6	3	43	-62
6	3	01	-48
6	3	02	-48
6	3	43	-60
6	3	43	-60
6	3	01	-48
6	3	02	-48
6	3	43	-60
6	3	43	-60
12	2	01	-52
12	2	02	-46
12	2	43	-70
12	2	43	-67
12	2	01	-54
12	2	02	-53
12	2	43	-61
12	2	43	-63
12	2	01	-54
12	2	02	-53
12	2	43	-61
12	2	43	-63
12	2	01	-55
12	2	02	-51
12	2	43	-64
12	2	43	-61
12	2	01	-55
12	2	02	-51
12	2	43	-64
12	2	43	-61
12	2	01	-54
12	2	02	-50
12	2	43	-62
12	2	43	-65
12	2	01	-54
12	2	02	-50
12	2	43	-62
12	2	43	-65
12	2	01	-55
12	2	02	-49
12	2	43	-67
12	2	43	-65
12	2	01	-55
12	2	02	-49
12	2	43	-67
12	2	43	-65
12	2	01	-55
12	2	02	-49
12	2	43	-61
12	2	43	-62
8	8	01	-50
8	8	02	-42
8	8	43	-57
8	8	43	-57
8	8	01	-50
8	8	02	-42
8	8	43	-57
8	8	43	-57
8	8	01	-52
8	8	02	-47
8	8	43	-57
8	8	43	-59
8	8	01	-52
8	8	02	-42
8	8	43	-56
8	8	43	-60
8	8	01	-52
8	8	02	-42
8	8	43	-56
8	8	43	-60
8	8	01	-52
8	8	02	-45
8	8	43	-56
8	8	43	-57
8	8	01	-52
8	8	02	-45
8	8	43	-56
8	8	43	-57
8	8	01	-51
8	8	02	-42
8	8	43	-65
8	8	43	-65
8	8	01	-51
8	8	02	-42
8	8	43	-65
8	8	43	-65
8	8	01	-54
8	8	02	-45
8	8	43	-63
8	8	43	-56
13	1	01	-52
13	1	02	-52
13	1	43	-69
13	1	43	-68
13	1	01	-52
13	1	02	-52
13	1	43	-69
13	1	43	-68
13	1	01	-55
13	1	02	-51
13	1	43	-62
13	1	43	-63
13	1	01	-55
13	1	02	-51
13	1	43	-62
13	1	43	-63
13	1	01	-53
13	1	02	-45
13	1	43	-65
13	1	43	-62
13	1	01	-53
13	1	02	-45
13	1	43	-65
13	1	43	-62
13	1	01	-60
13	1	02	-43
13	1	43	-65
13	1	43	-64
13	1	01	-60
13	1	02	-43
13	1	43	-65
13	1	43	-64
13	1	01	-62
13	1	02	-44
13	1	43	-65
13	1	43	-65
13	1	01	-62
13	1	02	-44
13	1	43	-65
13	1	43	-65
6	6	01	-52
6	6	02	-42
6	6	43	-64
6	6	43	-64
6	6	01	-52
6	6	02	-42
6	6	43	-64
6	6	43	-64
6	6	01	-50
6	6	02	-41
6	6	43	-64
6	6	43	-58
6	6	01	-50
6	6	02	-41
6	6	43	-64
6	6	43	-58
6	6	01	-64
6	6	02	-45
6	6	43	-58
6	6	43	-58
6	6	01	-64
6	6	02	-45
6	6	43	-58
6	6	43	-58
6	6	01	-60
6	6	02	-42
6	6	43	-62
6	6	43	-54
6	6	01	-60
6	6	02	-42
6	6	43	-62
6	6	43	-54
6	6	01	-52
6	6	02	-40
6	6	43	-62
6	6	43	-60
6	6	01	-52
6	6	02	-40
6	6	43	-62
6	6	43	-60
6	2	01	-47
6	2	02	-45
6	2	43	-57
6	2	43	-57
6	2	01	-47
6	2	02	-45
6	2	43	-57
6	2	43	-57
6	2	01	-50
6	2	02	-43
6	2	43	-60
6	2	43	-61
6	2	01	-50
6	2	02	-43
6	2	43	-60
6	2	43	-61
6	2	01	-48
6	2	02	-43
6	2	43	-58
6	2	43	-60
6	2	01	-47
6	2	02	-42
6	2	43	-60
6	2	43	-58
6	2	01	-47
6	2	02	-42
6	2	43	-60
6	2	43	-58
6	2	01	-48
6	2	02	-42
6	2	43	-62
6	2	43	-60
6	2	01	-48
6	2	02	-42
6	2	43	-62
6	2	43	-60
6	2	01	-49
6	2	02	-43
6	2	43	-62
6	2	43	-63
2	8	01	-54
2	8	02	-52
2	8	43	-64
2	8	43	-71
2	8	01	-54
2	8	02	-52
2	8	43	-64
2	8	43	-71
2	8	01	-53
2	8	02	-56
2	8	43	-69
2	8	43	-69
2	8	01	-53
2	8	02	-56
2	8	43	-69
2	8	43	-69
2	8	01	-57
2	8	02	-54
2	8	43	-71
2	8	43	-65
2	8	01	-57
2	8	02	-54
2	8	43	-71
2	8	43	-65
2	8	01	-53
2	8	02	-51
2	8	43	-71
2	8	43	-68
2	8	01	-53
2	8	02	-51
2	8	43	-71
2	8	43	-68
2	8	01	-56
2	8	02	-56
2	8	43	-71
2	8	43	-67
2	8	01	-56
2	8	02	-56
2	8	43	-71
2	8	43	-67
8	3	01	-49
8	3	02	-41
8	3	43	-57
8	3	43	-56
8	3	01	-49
8	3	02	-41
8	3	43	-57
8	3	43	-56
8	3	01	-60
8	3	02	-48
8	3	43	-60
8	3	43	-56
8	3	01	-60
8	3	02	-48
8	3	43	-60
8	3	43	-56
8	3	01	-51
8	3	02	-43
8	3	43	-59
8	3	43	-62
8	3	01	-51
8	3	02	-43
8	3	43	-59
8	3	43	-62
8	3	01	-53
8	3	02	-42
8	3	43	-63
8	3	43	-63
8	3	01	-53
8	3	02	-42
8	3	43	-63
8	3	43	-63
8	3	01	-53
8	3	02	-42
8	3	43	-63
8	3	43	-68
8	3	01	-53
8	3	02	-42
8	3	43	-63
8	3	43	-68
5	9	01	-51
5	9	02	-43
5	9	43	-59
5	9	43	-58
5	9	01	-51
5	9	02	-43
5	9	43	-59
5	9	43	-58
5	9	01	-50
5	9	02	-46
5	9	43	-61
5	9	43	-61
5	9	01	-50
5	9	02	-46
5	9	43	-61
5	9	43	-61
5	9	01	-49
5	9	02	-43
5	9	43	-70
5	9	43	-61
5	9	01	-49
5	9	02	-43
5	9	43	-70
5	9	43	-61
5	9	01	-48
5	9	02	-41
5	9	43	-61
5	9	43	-58
5	9	01	-48
5	9	02	-41
5	9	43	-61
5	9	43	-58
5	9	01	-48
5	9	02	-42
5	9	43	-58
5	9	43	-60
5	9	01	-48
5	9	02	-42
5	9	43	-58
5	9	43	-60
11	7	01	-53
11	7	02	-44
11	7	43	-62
11	7	43	-58
11	7	01	-53
11	7	02	-44
11	7	43	-62
11	7	43	-58
11	7	01	-58
11	7	02	-41
11	7	43	-64
11	7	43	-64
11	7	01	-58
11	7	02	-41
11	7	43	-64
11	7	43	-64
11	7	01	-59
11	7	02	-45
11	7	43	-61
11	7	43	-60
11	7	01	-59
11	7	02	-45
11	7	43	-61
11	7	43	-60
11	7	01	-59
11	7	02	-44
11	7	43	-57
11	7	43	-61
11	7	01	-59
11	7	02	-44
11	7	43	-57
11	7	43	-61
11	7	01	-59
11	7	02	-43
11	7	43	-61
11	7	43	-61
11	7	01	-59
11	7	02	-43
11	7	43	-61
11	7	43	-61
6	5	01	-51
6	5	02	-54
6	5	43	-69
6	5	43	-68
6	5	01	-51
6	5	02	-54
6	5	43	-69
6	5	43	-68
6	5	01	-53
6	5	02	-48
6	5	43	-63
6	5	43	-58
6	5	01	-53
6	5	02	-48
6	5	43	-63
6	5	43	-58
6	5	01	-56
6	5	02	-45
6	5	43	-58
6	5	43	-58
6	5	01	-56
6	5	02	-45
6	5	43	-58
6	5	43	-58
6	5	01	-58
6	5	02	-47
6	5	43	-60
6	5	43	-59
6	5	01	-58
6	5	02	-47
6	5	43	-60
6	5	43	-59
6	5	01	-54
6	5	02	-50
6	5	43	-65
6	5	43	-61
6	5	01	-54
6	5	02	-50
6	5	43	-65
6	5	43	-61
1	4	01	-59
1	4	02	-47
1	4	43	-56
1	4	43	-66
1	4	01	-59
1	4	02	-47
1	4	43	-56
1	4	43	-66
1	4	01	-51
1	4	02	-48
1	4	43	-67
1	4	43	-66
1	4	01	-51
1	4	02	-48
1	4	43	-67
1	4	43	-66
1	4	01	-51
1	4	02	-47
1	4	43	-70
1	4	43	-66
1	4	01	-51
1	4	02	-47
1	4	43	-70
1	4	43	-66
1	4	01	-53
1	4	02	-52
1	4	43	-66
1	4	43	-68
1	4	01	-53
1	4	02	-52
1	4	43	-66
1	4	43	-68
1	4	01	-53
1	4	02	-47
1	4	43	-68
1	4	43	-67
1	4	01	-45
1	4	02	-51
1	4	43	-69
1	4	43	-68
13	8	01	-59
13	8	02	-48
13	8	43	-66
13	8	43	-67
13	8	01	-59
13	8	02	-48
13	8	43	-66
13	8	43	-67
13	8	01	-54
13	8	02	-41
13	8	43	-66
13	8	43	-63
13	8	01	-54
13	8	02	-41
13	8	43	-66
13	8	43	-63
13	8	01	-52
13	8	02	-41
13	8	43	-66
13	8	43	-64
13	8	01	-52
13	8	02	-41
13	8	43	-66
13	8	43	-64
13	8	01	-54
13	8	02	-41
13	8	43	-61
13	8	43	-61
13	8	01	-54
13	8	02	-41
13	8	43	-61
13	8	43	-61
13	8	01	-51
13	8	02	-44
13	8	43	-63
13	8	43	-61
13	8	01	-51
13	8	02	-44
13	8	43	-63
13	8	43	-61
4	2	01	-48
4	2	02	-47
4	2	43	-63
4	2	43	-63
4	2	01	-48
4	2	02	-47
4	2	43	-63
4	2	43	-63
4	2	01	-46
4	2	02	-41
4	2	43	-62
4	2	43	-62
4	2	01	-46
4	2	02	-41
4	2	43	-62
4	2	43	-62
4	2	01	-52
4	2	02	-44
4	2	43	-61
4	2	43	-62
4	2	01	-52
4	2	02	-44
4	2	43	-61
4	2	43	-62
4	2	01	-49
4	2	02	-45
4	2	43	-65
4	2	43	-64
4	2	01	-49
4	2	02	-45
4	2	43	-65
4	2	43	-64
4	2	01	-50
4	2	02	-45
4	2	43	-65
4	2	43	-61
4	2	01	-50
4	2	02	-45
4	2	43	-65
4	2	43	-61
13	2	01	-59
13	2	02	-45
13	2	43	-63
13	2	43	-63
13	2	01	-54
13	2	02	-44
13	2	43	-63
13	2	43	-66
13	2	01	-54
13	2	02	-44
13	2	43	-63
13	2	43	-66
13	2	01	-56
13	2	02	-48
13	2	43	-63
13	2	43	-68
13	2	01	-56
13	2	02	-48
13	2	43	-63
13	2	43	-68
13	2	01	-58
13	2	02	-48
13	2	43	-68
13	2	43	-63
13	2	01	-58
13	2	02	-48
13	2	43	-68
13	2	43	-63
13	2	01	-54
13	2	02	-46
13	2	43	-66
13	2	43	-69
13	2	01	-54
13	2	02	-46
13	2	43	-66
13	2	43	-69
13	2	01	-54
13	2	02	-46
13	2	43	-65
13	2	43	-61
3	2	01	-47
3	2	02	-47
3	2	43	-60
3	2	43	-60
3	2	01	-44
3	2	02	-48
3	2	43	-65
3	2	43	-60
3	2	01	-44
3	2	02	-48
3	2	43	-65
3	2	43	-60
3	2	01	-42
3	2	02	-49
3	2	43	-66
3	2	43	-65
3	2	01	-42
3	2	02	-49
3	2	43	-66
3	2	43	-65
3	2	01	-44
3	2	02	-47
3	2	43	-65
3	2	43	-65
3	2	01	-44
3	2	02	-47
3	2	43	-65
3	2	43	-65
3	2	01	-42
3	2	02	-46
3	2	43	-65
3	2	43	-64
3	2	01	-42
3	2	02	-46
3	2	43	-65
3	2	43	-64
3	2	01	-43
3	2	02	-46
3	2	43	-63
3	2	43	-65
12	8	01	-50
12	8	02	-43
12	8	43	-65
12	8	43	-68
12	8	01	-50
12	8	02	-43
12	8	43	-65
12	8	43	-68
12	8	01	-50
12	8	02	-40
12	8	43	-62
12	8	43	-59
12	8	01	-50
12	8	02	-40
12	8	43	-62
12	8	43	-59
12	8	01	-50
12	8	02	-38
12	8	43	-60
12	8	43	-59
12	8	01	-50
12	8	02	-38
12	8	43	-60
12	8	43	-59
12	8	01	-51
12	8	02	-38
12	8	43	-63
12	8	43	-62
12	8	01	-51
12	8	02	-38
12	8	43	-63
12	8	43	-62
12	8	01	-50
12	8	02	-40
12	8	43	-65
12	8	43	-60
12	8	01	-50
12	8	02	-40
12	8	43	-65
12	8	43	-60
4	9	01	-51
4	9	02	-44
4	9	43	-65
4	9	43	-67
4	9	01	-51
4	9	02	-44
4	9	43	-65
4	9	43	-67
4	9	01	-50
4	9	02	-43
4	9	43	-56
4	9	43	-58
4	9	01	-50
4	9	02	-43
4	9	43	-56
4	9	43	-58
4	9	01	-48
4	9	02	-44
4	9	43	-59
4	9	43	-57
4	9	01	-48
4	9	02	-44
4	9	43	-59
4	9	43	-57
4	9	01	-50
4	9	02	-44
4	9	43	-59
4	9	43	-58
4	9	01	-50
4	9	02	-44
4	9	43	-59
4	9	43	-58
4	9	01	-49
4	9	02	-44
4	9	43	-59
4	9	43	-58
4	9	01	-49
4	9	02	-44
4	9	43	-59
4	9	43	-58
11	5	01	-56
11	5	02	-42
11	5	43	-61
11	5	43	-58
11	5	01	-56
11	5	02	-42
11	5	43	-61
11	5	43	-58
11	5	01	-48
11	5	02	-45
11	5	43	-65
11	5	43	-66
11	5	01	-50
11	5	02	-46
11	5	43	-62
11	5	43	-65
11	5	01	-50
11	5	02	-46
11	5	43	-62
11	5	43	-65
11	5	01	-54
11	5	02	-44
11	5	43	-65
11	5	43	-67
11	5	01	-54
11	5	02	-44
11	5	43	-65
11	5	43	-67
11	5	01	-53
11	5	02	-47
11	5	43	-63
11	5	43	-62
11	5	01	-53
11	5	02	-47
11	5	43	-63
11	5	43	-62
11	5	01	-51
11	5	02	-43
11	5	43	-68
11	5	43	-66
5	6	01	-48
5	6	02	-40
5	6	43	-67
5	6	43	-60
5	6	01	-48
5	6	02	-40
5	6	43	-67
5	6	43	-60
5	6	01	-53
5	6	02	-46
5	6	43	-70
5	6	43	-63
5	6	01	-53
5	6	02	-46
5	6	43	-70
5	6	43	-63
5	6	01	-52
5	6	02	-46
5	6	43	-64
5	6	43	-60
5	6	01	-52
5	6	02	-46
5	6	43	-64
5	6	43	-60
5	6	01	-51
5	6	02	-49
5	6	43	-67
5	6	43	-67
5	6	01	-51
5	6	02	-49
5	6	43	-67
5	6	43	-67
5	6	01	-50
5	6	02	-49
5	6	43	-61
5	6	43	-66
5	6	01	-50
5	6	02	-49
5	6	43	-61
5	6	43	-66
10	6	01	-51
10	6	02	-38
10	6	43	-67
10	6	43	-70
10	6	01	-51
10	6	02	-38
10	6	43	-67
10	6	43	-70
10	6	01	-59
10	6	02	-35
10	6	43	-58
10	6	43	-60
10	6	01	-59
10	6	02	-35
10	6	43	-58
10	6	43	-60
10	6	01	-52
10	6	02	-37
10	6	43	-59
10	6	43	-58
10	6	01	-52
10	6	02	-37
10	6	43	-59
10	6	43	-58
10	6	01	-54
10	6	02	-40
10	6	43	-60
10	6	43	-58
10	6	01	-54
10	6	02	-40
10	6	43	-60
10	6	43	-58
10	6	01	-54
10	6	02	-37
10	6	43	-61
10	6	43	-57
10	6	01	-54
10	6	02	-37
10	6	43	-61
10	6	43	-57
11	9	01	-55
11	9	02	-42
11	9	43	-57
11	9	43	-56
11	9	01	-54
11	9	02	-49
11	9	43	-60
11	9	43	-68
11	9	01	-54
11	9	02	-49
11	9	43	-60
11	9	43	-68
11	9	01	-52
11	9	02	-46
11	9	43	-63
11	9	43	-68
11	9	01	-52
11	9	02	-46
11	9	43	-63
11	9	43	-68
11	9	01	-55
11	9	02	-47
11	9	43	-70
11	9	43	-62
11	9	01	-55
11	9	02	-47
11	9	43	-70
11	9	43	-62
11	9	01	-53
11	9	02	-48
11	9	43	-61
11	9	43	-63
11	9	01	-53
11	9	02	-48
11	9	43	-61
11	9	43	-63
11	9	01	-52
11	9	02	-47
11	9	43	-67
11	9	43	-62
2	3	01	-42
2	3	02	-43
2	3	43	-62
2	3	43	-68
2	3	01	-42
2	3	02	-43
2	3	43	-62
2	3	43	-68
2	3	01	-42
2	3	02	-43
2	3	43	-62
2	3	43	-63
2	3	01	-42
2	3	02	-43
2	3	43	-62
2	3	43	-63
2	3	01	-47
2	3	02	-49
2	3	43	-64
2	3	43	-63
2	3	01	-47
2	3	02	-49
2	3	43	-64
2	3	43	-63
2	3	01	-44
2	3	02	-46
2	3	43	-65
2	3	43	-63
2	3	01	-44
2	3	02	-46
2	3	43	-65
2	3	43	-63
2	3	01	-46
2	3	02	-50
2	3	43	-67
2	3	43	-68
2	3	01	-46
2	3	02	-50
2	3	43	-67
2	3	43	-68
6	4	01	-50
6	4	02	-42
6	4	43	-57
6	4	43	-60
6	4	01	-50
6	4	02	-42
6	4	43	-57
6	4	43	-60
6	4	01	-54
6	4	02	-39
6	4	43	-57
6	4	43	-69
6	4	01	-54
6	4	02	-39
6	4	43	-57
6	4	43	-69
6	4	01	-56
6	4	02	-41
6	4	43	-66
6	4	43	-67
6	4	01	-56
6	4	02	-41
6	4	43	-66
6	4	43	-67
6	4	01	-56
6	4	02	-42
6	4	43	-59
6	4	43	-59
6	4	01	-56
6	4	02	-42
6	4	43	-59
6	4	43	-59
6	4	01	-57
6	4	02	-40
6	4	43	-59
6	4	43	-59
6	4	01	-57
6	4	02	-40
6	4	43	-59
6	4	43	-59
11	3	01	-56
11	3	02	-46
11	3	43	-64
11	3	43	-62
11	3	01	-56
11	3	02	-46
11	3	43	-64
11	3	43	-62
11	3	01	-59
11	3	02	-44
11	3	43	-64
11	3	43	-60
11	3	01	-59
11	3	02	-44
11	3	43	-64
11	3	43	-60
11	3	01	-56
11	3	02	-42
11	3	43	-62
11	3	43	-62
11	3	01	-56
11	3	02	-42
11	3	43	-62
11	3	43	-62
11	3	01	-55
11	3	02	-42
11	3	43	-70
11	3	43	-71
11	3	01	-55
11	3	02	-42
11	3	43	-70
11	3	43	-71
11	3	01	-58
11	3	02	-42
11	3	43	-69
11	3	43	-72
11	3	01	-58
11	3	02	-42
11	3	43	-69
11	3	43	-72
8	2	01	-53
8	2	02	-44
8	2	43	-61
8	2	43	-58
8	2	01	-50
8	2	02	-42
8	2	43	-56
8	2	43	-56
8	2	01	-50
8	2	02	-42
8	2	43	-56
8	2	43	-56
8	2	01	-51
8	2	02	-41
8	2	43	-55
8	2	43	-55
8	2	01	-51
8	2	02	-41
8	2	43	-55
8	2	43	-55
8	2	01	-51
8	2	02	-43
8	2	43	-56
8	2	43	-56
8	2	01	-51
8	2	02	-43
8	2	43	-56
8	2	43	-56
8	2	01	-50
8	2	02	-40
8	2	43	-56
8	2	43	-56
8	2	01	-50
8	2	02	-40
8	2	43	-56
8	2	43	-56
8	2	01	-50
8	2	02	-43
8	2	43	-55
8	2	43	-56
4	6	01	-52
4	6	02	-48
4	6	43	-59
4	6	43	-60
4	6	01	-52
4	6	02	-48
4	6	43	-59
4	6	43	-60
4	6	01	-57
4	6	02	-44
4	6	43	-58
4	6	43	-61
4	6	01	-57
4	6	02	-44
4	6	43	-58
4	6	43	-61
4	6	01	-51
4	6	02	-42
4	6	43	-62
4	6	43	-62
4	6	01	-51
4	6	02	-42
4	6	43	-62
4	6	43	-62
4	6	01	-51
4	6	02	-44
4	6	43	-62
4	6	43	-63
4	6	01	-51
4	6	02	-44
4	6	43	-62
4	6	43	-63
4	6	01	-54
4	6	02	-43
4	6	43	-63
4	6	43	-58
4	6	01	-54
4	6	02	-43
4	6	43	-63
4	6	43	-58
7	6	01	-53
7	6	02	-40
7	6	43	-60
7	6	43	-62
7	6	01	-53
7	6	02	-40
7	6	43	-60
7	6	43	-62
7	6	01	-51
7	6	02	-42
7	6	43	-62
7	6	43	-59
7	6	01	-51
7	6	02	-42
7	6	43	-62
7	6	43	-59
7	6	01	-52
7	6	02	-38
7	6	43	-60
7	6	43	-66
7	6	01	-52
7	6	02	-38
7	6	43	-60
7	6	43	-66
7	6	01	-52
7	6	02	-40
7	6	43	-58
7	6	43	-66
7	6	01	-52
7	6	02	-40
7	6	43	-58
7	6	43	-66
7	6	01	-49
7	6	02	-41
7	6	43	-60
7	6	43	-58
7	6	01	-49
7	6	02	-41
7	6	43	-60
7	6	43	-58
1	2	01	-46
1	2	02	-48
1	2	43	-70
1	2	43	-65
1	2	01	-46
1	2	02	-48
1	2	43	-70
1	2	43	-65
1	2	01	-44
1	2	02	-45
1	2	43	-64
1	2	43	-65
1	2	01	-44
1	2	02	-45
1	2	43	-64
1	2	43	-65
1	2	01	-46
1	2	02	-48
1	2	43	-67
1	2	43	-66
1	2	01	-46
1	2	02	-48
1	2	43	-67
1	2	43	-66
1	2	01	-45
1	2	02	-50
1	2	43	-64
1	2	43	-66
1	2	01	-45
1	2	02	-50
1	2	43	-64
1	2	43	-66
1	2	01	-47
1	2	02	-51
1	2	43	-66
1	2	43	-66
1	2	01	-47
1	2	02	-51
1	2	43	-66
1	2	43	-66
12	6	01	-59
12	6	02	-46
12	6	43	-65
12	6	43	-65
12	6	01	-59
12	6	02	-46
12	6	43	-65
12	6	43	-65
12	6	01	-48
12	6	02	-39
12	6	43	-58
12	6	43	-62
12	6	01	-48
12	6	02	-39
12	6	43	-58
12	6	43	-62
12	6	01	-48
12	6	02	-40
12	6	43	-62
12	6	43	-65
12	6	01	-48
12	6	02	-40
12	6	43	-62
12	6	43	-65
12	6	01	-51
12	6	02	-40
12	6	43	-59
12	6	43	-62
12	6	01	-51
12	6	02	-40
12	6	43	-59
12	6	43	-62
12	6	01	-50
12	6	02	-39
12	6	43	-59
12	6	43	-61
12	6	01	-50
12	6	02	-39
12	6	43	-59
12	6	43	-61
9	4	01	-48
9	4	02	-38
9	4	43	-64
9	4	43	-59
9	4	01	-48
9	4	02	-38
9	4	43	-64
9	4	43	-59
9	4	01	-54
9	4	02	-36
9	4	43	-57
9	4	43	-55
9	4	01	-54
9	4	02	-36
9	4	43	-57
9	4	43	-55
9	4	01	-51
9	4	02	-37
9	4	43	-65
9	4	43	-65
9	4	01	-51
9	4	02	-37
9	4	43	-65
9	4	43	-65
9	4	01	-48
9	4	02	-37
9	4	43	-64
9	4	43	-66
9	4	01	-48
9	4	02	-37
9	4	43	-64
9	4	43	-66
9	4	01	-48
9	4	02	-38
9	4	43	-64
9	4	43	-64
9	4	01	-48
9	4	02	-38
9	4	43	-64
9	4	43	-64
12	4	01	-56
12	4	02	-39
12	4	43	-68
12	4	43	-68
12	4	01	-56
12	4	02	-39
12	4	43	-68
12	4	43	-68
12	4	01	-48
12	4	02	-48
12	4	43	-66
12	4	43	-68
12	4	01	-48
12	4	02	-48
12	4	43	-66
12	4	43	-68
12	4	01	-49
12	4	02	-42
12	4	43	-61
12	4	43	-69
12	4	01	-49
12	4	02	-42
12	4	43	-61
12	4	43	-69
12	4	01	-57
12	4	02	-41
12	4	43	-68
12	4	43	-59
12	4	01	-57
12	4	02	-41
12	4	43	-68
12	4	43	-59
12	4	01	-53
12	4	02	-39
12	4	43	-62
12	4	43	-60
12	4	01	-53
12	4	02	-39
12	4	43	-62
12	4	43	-60
3	8	01	-56
3	8	02	-48
3	8	43	-54
3	8	43	-54
3	8	01	-56
3	8	02	-48
3	8	43	-54
3	8	43	-54
3	8	01	-61
3	8	02	-55
3	8	43	-67
3	8	43	-64
3	8	01	-61
3	8	02	-55
3	8	43	-67
3	8	43	-64
3	8	01	-55
3	8	02	-52
3	8	43	-62
3	8	43	-58
3	8	01	-55
3	8	02	-52
3	8	43	-62
3	8	43	-58
3	8	01	-55
3	8	02	-52
3	8	43	-59
3	8	43	-60
3	8	01	-55
3	8	02	-52
3	8	43	-59
3	8	43	-60
3	8	01	-56
3	8	02	-49
3	8	43	-61
3	8	43	-62
3	8	01	-56
3	8	02	-49
3	8	43	-61
3	8	43	-62
14	2	01	-59
14	2	02	-42
14	2	43	-59
14	2	43	-61
14	2	01	-59
14	2	02	-42
14	2	43	-59
14	2	43	-61
14	2	01	-59
14	2	02	-45
14	2	43	-71
14	2	43	-68
14	2	01	-59
14	2	02	-45
14	2	43	-71
14	2	43	-68
14	2	01	-65
14	2	02	-48
14	2	43	-66
14	2	43	-66
14	2	01	-65
14	2	02	-48
14	2	43	-66
14	2	43	-66
14	2	01	-65
14	2	02	-47
14	2	43	-64
14	2	43	-62
14	2	01	-65
14	2	02	-47
14	2	43	-64
14	2	43	-62
14	2	01	-59
14	2	02	-45
14	2	43	-65
14	2	43	-63
14	2	01	-59
14	2	02	-45
14	2	43	-65
14	2	43	-63
9	1	01	-52
9	1	02	-42
9	1	43	-63
9	1	43	-65
9	1	01	-52
9	1	02	-42
9	1	43	-63
9	1	43	-65
9	1	01	-58
9	1	02	-41
9	1	43	-65
9	1	43	-72
9	1	01	-58
9	1	02	-41
9	1	43	-65
9	1	43	-72
9	1	01	-55
9	1	02	-42
9	1	43	-60
9	1	43	-62
9	1	01	-55
9	1	02	-42
9	1	43	-60
9	1	43	-62
9	1	01	-52
9	1	02	-41
9	1	43	-67
9	1	43	-62
9	1	01	-52
9	1	02	-41
9	1	43	-67
9	1	43	-62
9	1	01	-57
9	1	02	-46
9	1	43	-67
9	1	43	-67
9	1	01	-57
9	1	02	-46
9	1	43	-67
9	1	43	-67
12	9	01	-51
12	9	02	-46
12	9	43	-66
12	9	43	-67
12	9	01	-58
12	9	02	-47
12	9	43	-69
12	9	43	-71
12	9	01	-58
12	9	02	-47
12	9	43	-69
12	9	43	-71
12	9	01	-50
12	9	02	-51
12	9	43	-68
12	9	43	-66
12	9	01	-50
12	9	02	-51
12	9	43	-68
12	9	43	-66
12	9	01	-54
12	9	02	-52
12	9	43	-62
12	9	43	-65
12	9	01	-54
12	9	02	-52
12	9	43	-62
12	9	43	-65
12	9	01	-53
12	9	02	-56
12	9	43	-65
12	9	43	-64
12	9	01	-53
12	9	02	-56
12	9	43	-65
12	9	43	-64
12	9	01	-54
12	9	02	-53
12	9	43	-63
12	9	43	-62
1	9	01	-58
1	9	02	-57
1	9	43	-63
1	9	43	-65
1	9	01	-58
1	9	02	-57
1	9	43	-63
1	9	43	-65
1	9	01	-50
1	9	02	-47
1	9	43	-60
1	9	43	-61
1	9	01	-50
1	9	02	-47
1	9	43	-60
1	9	43	-61
1	9	01	-53
1	9	02	-47
1	9	43	-59
1	9	43	-59
1	9	01	-53
1	9	02	-47
1	9	43	-59
1	9	43	-59
1	9	01	-55
1	9	02	-50
1	9	43	-59
1	9	43	-63
1	9	01	-55
1	9	02	-50
1	9	43	-59
1	9	43	-63
1	9	01	-56
1	9	02	-48
1	9	43	-62
1	9	43	-58
1	9	01	-56
1	9	02	-48
1	9	43	-62
1	9	43	-58
10	5	01	-56
10	5	02	-40
10	5	43	-63
10	5	43	-63
10	5	01	-56
10	5	02	-40
10	5	43	-63
10	5	43	-63
10	5	01	-58
10	5	02	-44
10	5	43	-58
10	5	43	-61
10	5	01	-58
10	5	02	-44
10	5	43	-58
10	5	43	-61
10	5	01	-55
10	5	02	-41
10	5	43	-58
10	5	43	-61
10	5	01	-55
10	5	02	-41
10	5	43	-58
10	5	43	-61
10	5	01	-56
10	5	02	-46
10	5	43	-57
10	5	43	-60
10	5	01	-56
10	5	02	-46
10	5	43	-57
10	5	43	-60
10	5	01	-60
10	5	02	-43
10	5	43	-61
10	5	43	-61
10	5	01	-60
10	5	02	-43
10	5	43	-61
10	5	43	-61
9	6	01	-45
9	6	02	-34
9	6	43	-59
9	6	43	-56
9	6	01	-53
9	6	02	-37
9	6	43	-63
9	6	43	-67
9	6	01	-53
9	6	02	-37
9	6	43	-63
9	6	43	-67
9	6	01	-55
9	6	02	-38
9	6	43	-61
9	6	43	-60
9	6	01	-55
9	6	02	-38
9	6	43	-61
9	6	43	-60
9	6	01	-52
9	6	02	-40
9	6	43	-61
9	6	43	-60
9	6	01	-52
9	6	02	-40
9	6	43	-61
9	6	43	-60
9	6	01	-53
9	6	02	-40
9	6	43	-60
9	6	43	-62
9	6	01	-53
9	6	02	-40
9	6	43	-60
9	6	43	-62
9	6	01	-52
9	6	02	-40
9	6	43	-60
9	6	43	-60
10	3	01	-54
10	3	02	-40
10	3	43	-65
10	3	43	-64
10	3	01	-54
10	3	02	-40
10	3	43	-65
10	3	43	-64
10	3	01	-62
10	3	02	-46
10	3	43	-66
10	3	43	-62
10	3	01	-62
10	3	02	-46
10	3	43	-66
10	3	43	-62
10	3	01	-58
10	3	02	-45
10	3	43	-70
10	3	43	-70
10	3	01	-58
10	3	02	-45
10	3	43	-70
10	3	43	-70
10	3	01	-54
10	3	02	-52
10	3	43	-63
10	3	43	-61
10	3	01	-54
10	3	02	-52
10	3	43	-63
10	3	43	-61
10	3	01	-53
10	3	02	-46
10	3	43	-63
10	3	43	-63
10	3	01	-53
10	3	02	-46
10	3	43	-63
10	3	43	-63
4	5	01	-46
4	5	02	-46
4	5	43	-68
4	5	43	-66
4	5	01	-46
4	5	02	-46
4	5	43	-68
4	5	43	-66
4	5	01	-48
4	5	02	-52
4	5	43	-68
4	5	43	-66
4	5	01	-48
4	5	02	-52
4	5	43	-68
4	5	43	-66
4	5	01	-55
4	5	02	-44
4	5	43	-62
4	5	43	-71
4	5	01	-55
4	5	02	-44
4	5	43	-62
4	5	43	-71
4	5	01	-61
4	5	02	-43
4	5	43	-70
4	5	43	-73
4	5	01	-61
4	5	02	-43
4	5	43	-70
4	5	43	-73
4	5	01	-59
4	5	02	-43
4	5	43	-61
4	5	43	-59
4	5	01	-59
4	5	02	-43
4	5	43	-61
4	5	43	-59
8	7	01	-50
8	7	02	-42
8	7	43	-52
8	7	43	-55
8	7	01	-50
8	7	02	-42
8	7	43	-52
8	7	43	-55
8	7	01	-58
8	7	02	-55
8	7	43	-55
8	7	43	-56
8	7	01	-58
8	7	02	-55
8	7	43	-55
8	7	43	-56
8	7	01	-50
8	7	02	-49
8	7	43	-54
8	7	43	-55
8	7	01	-50
8	7	02	-49
8	7	43	-54
8	7	43	-55
8	7	01	-54
8	7	02	-49
8	7	43	-54
8	7	43	-58
8	7	01	-54
8	7	02	-49
8	7	43	-54
8	7	43	-58
8	7	01	-54
8	7	02	-48
8	7	43	-56
8	7	43	-54
8	7	01	-54
8	7	02	-48
8	7	43	-56
8	7	43	-54
